dim1	dim2	Cluster
22.248390197753906	18.903362274169922	42
-30.866891860961914	5.46543550491333	14
-16.179651260375977	40.452640533447266	1
33.79600143432617	5.5513081550598145	18
-1.3112553358078003	0.7789058685302734	50
2.5303778648376465	17.868011474609375	59
4.560205936431885	20.551197052001953	22
-12.463522911071777	10.520301818847656	22
-15.314607620239258	-14.548221588134766	38
28.631895065307617	8.397234916687012	22
0.8939129114151001	26.786027908325195	3
-29.27973747253418	42.024208068847656	25
-28.95555877685547	47.48367691040039	25
32.03292465209961	-37.587738037109375	22
17.296611785888672	13.872872352600098	44
32.845062255859375	-26.796463012695312	22
-53.91927719116211	3.155334234237671	13
-43.23952865600586	5.2556281089782715	22
-3.1203622817993164	-40.23337936401367	2
-23.360828399658203	48.062965393066406	26
-48.489776611328125	4.260959148406982	13
44.17378616333008	-9.82963752746582	39
-18.015670776367188	37.58615493774414	1
-45.07438278198242	-3.4062883853912354	34
33.60298156738281	11.974334716796875	11
21.173795700073242	3.7929434776306152	57
-15.794190406799316	11.143945693969727	59
-2.4339866638183594	1.611464262008667	2
1.3059529066085815	36.64986038208008	50
16.063961029052734	3.1628129482269287	5
33.667518615722656	13.306248664855957	11
9.457676887512207	28.68761444091797	56
-0.42986860871315	16.725446701049805	22
-45.14967727661133	-1.232409954071045	34
48.64105224609375	-16.073104858398438	4
37.74930953979492	-15.857593536376953	51
34.51640319824219	-21.064468383789062	22
37.18958282470703	22.39348030090332	22
-20.6475772857666	-30.201650619506836	44
38.937889099121094	-16.265644073486328	7
23.624263763427734	21.6132869720459	7
35.993431091308594	-22.23339080810547	39
-17.084524154663086	17.40265464782715	2
-3.8072590827941895	8.0311861038208	38
-29.903297424316406	2.9421277046203613	14
-32.237117767333984	-1.0268454551696777	14
34.37649154663086	12.295892715454102	11
-52.62178421020508	-5.026741027832031	6
15.511274337768555	-13.474139213562012	17
29.960838317871094	17.177913665771484	18
-3.9413771629333496	1.8423395156860352	2
-7.17816686630249	10.601556777954102	38
41.98358917236328	-0.6293057799339294	51
11.656961441040039	5.305488586425781	14
2.9716415405273438	39.308692932128906	50
-5.784091472625732	10.40070915222168	31
-15.755188941955566	11.119585037231445	59
-22.56187629699707	11.580645561218262	44
22.00156021118164	-22.62116050720215	22
19.02463150024414	-0.2962038516998291	22
-31.546537399291992	31.909717559814453	16
28.764707565307617	-40.53297805786133	3
-25.818737030029297	11.363051414489746	44
-22.133018493652344	5.06736421585083	59
30.51019287109375	-12.981375694274902	21
-21.101259231567383	-1.857035517692566	57
-42.630157470703125	0.7757251858711243	22
25.104507446289062	-38.29267120361328	22
40.28107452392578	-7.056312084197998	39
4.529796123504639	18.443130493164062	0
-43.18075942993164	-2.8232107162475586	34
-6.7239603996276855	-16.953413009643555	17
-19.109886169433594	-2.700152635574341	22
41.099876403808594	-1.0587809085845947	51
17.997224807739258	0.05901027470827103	22
-5.306844234466553	40.58903121948242	1
53.755531311035156	1.1103910207748413	39
17.162826538085938	9.61702823638916	23
-4.445682525634766	41.285404205322266	22
31.533035278320312	-37.29777526855469	22
42.6717529296875	-1.8293081521987915	51
17.31089973449707	13.857645034790039	57
-21.1363582611084	13.562956809997559	3
35.10420608520508	12.821300506591797	11
3.5050017833709717	-27.542890548706055	49
38.396018981933594	3.4215285778045654	51
8.04499340057373	10.191573143005371	22
-15.863533973693848	-10.242005348205566	22
-26.804893493652344	-38.8781623840332	7
45.373130798339844	-8.397706985473633	39
40.650123596191406	-3.048436164855957	51
-23.41280746459961	34.04188537597656	1
-17.96800422668457	-29.29216194152832	54
38.893192291259766	-4.254193305969238	18
28.02399253845215	16.598709106445312	22
31.230798721313477	18.251136779785156	3
40.70382308959961	-5.290830135345459	51
30.93915557861328	-37.51289749145508	22
-30.62706184387207	41.62283706665039	25
38.018375396728516	-5.575928688049316	51
0.1688235104084015	-10.503541946411133	9
4.87386417388916	16.258575439453125	50
-28.393983840942383	20.77814483642578	3
-41.743873596191406	6.10719108581543	22
-5.533584117889404	40.316795349121094	22
33.56342697143555	-11.68828010559082	39
-33.73959732055664	0.11108791083097458	59
0.6762343645095825	35.63835144042969	14
-17.41339111328125	45.2557487487793	3
-16.528486251831055	-7.039017200469971	18
-18.099777221679688	36.781280517578125	1
-43.13309097290039	-21.208049774169922	3
37.16683578491211	22.385583877563477	22
-37.53059005737305	22.52696990966797	53
-28.84515380859375	44.62440872192383	25
32.750823974609375	2.1392557621002197	40
-8.79340934753418	-9.57912540435791	37
9.743703842163086	43.73045349121094	22
39.32187271118164	-12.205408096313477	22
1.9145091772079468	-26.239850997924805	52
21.229829788208008	10.085996627807617	23
14.555078506469727	23.98735237121582	22
7.062770366668701	30.58954620361328	56
44.23207092285156	-3.6463234424591064	51
27.958324432373047	-39.46331024169922	7
5.855540752410889	-28.884634017944336	49
-27.974956512451172	11.499008178710938	44
52.81894302368164	-3.4015846252441406	29
-11.97826099395752	12.394205093383789	22
40.64349365234375	1.7044956684112549	51
46.15927505493164	-5.684160232543945	39
28.432106018066406	-38.6090087890625	46
-23.089561462402344	-15.460208892822266	59
17.16075325012207	-3.106580972671509	22
26.945756912231445	8.055899620056152	22
-21.620386123657227	26.24436378479004	53
54.05621337890625	1.8033711910247803	22
49.13648223876953	7.529551982879639	58
-4.985572338104248	-41.320335388183594	3
28.443248748779297	9.003889083862305	22
9.783050537109375	1.6122817993164062	5
39.26310729980469	-11.974218368530273	22
38.689266204833984	-4.726886749267578	51
9.740333557128906	43.73690414428711	22
27.59488296508789	9.803792953491211	22
22.501638412475586	20.799131393432617	42
16.82279396057129	-6.227135181427002	40
-29.658964157104492	37.176490783691406	16
-6.4503397941589355	20.285375595092773	23
-27.424617767333984	11.871719360351562	44
42.170509338378906	-4.875613212585449	51
0.5480203032493591	-2.141331195831299	2
-30.2077579498291	44.074222564697266	25
-27.404836654663086	6.699191093444824	3
-16.944717407226562	-12.341111183166504	59
-11.66671085357666	-6.627142429351807	41
1.2215083837509155	-25.892040252685547	52
15.596319198608398	-8.237334251403809	22
-3.5533108711242676	-10.425052642822266	46
12.494340896606445	-7.040554046630859	11
-3.436123847961426	-40.34113311767578	2
3.9866251945495605	15.622175216674805	50
-25.983320236206055	24.925430297851562	22
-26.9149112701416	-40.2369270324707	4
1.5997109413146973	26.174224853515625	25
21.49805450439453	8.558989524841309	23
-32.950836181640625	1.983815312385559	14
7.379270553588867	10.383970260620117	22
30.04537010192871	11.775486946105957	4
-27.518142700195312	6.878361225128174	3
-14.447107315063477	9.021707534790039	59
-18.739076614379883	38.26646423339844	1
27.069246292114258	9.540160179138184	22
-23.739715576171875	36.44837188720703	22
43.41550064086914	52.10320281982422	22
43.387210845947266	-11.689055442810059	39
19.786964416503906	-21.467552185058594	17
50.74467086791992	-3.5308752059936523	39
-27.08848762512207	48.655853271484375	28
28.799144744873047	-26.84210968017578	4
-26.18877410888672	38.483341217041016	28
20.12305450439453	17.912887573242188	42
-21.34526824951172	-4.3025078773498535	57
2.945770740509033	-26.846776962280273	49
7.771839141845703	23.95989990234375	50
21.05341148376465	11.25905704498291	23
23.14629554748535	-16.786338806152344	57
46.117095947265625	-10.570977210998535	39
13.253273963928223	5.346620082855225	22
40.44476318359375	-6.174642562866211	51
-28.147523880004883	14.021170616149902	44
-21.759265899658203	5.219034671783447	3
-29.29326057434082	11.498804092407227	44
17.178035736083984	-3.147167205810547	22
18.107772827148438	31.26519012451172	22
0.08375995606184006	4.200364589691162	38
23.805418014526367	10.134683609008789	23
-5.839057445526123	13.637480735778809	22
12.225289344787598	-11.234946250915527	38
13.905668258666992	21.85738182067871	22
12.646533012390137	28.341459274291992	56
36.94160461425781	-9.156960487365723	7
-24.679716110229492	36.97592544555664	28
-2.050222396850586	1.9407446384429932	38
16.70587921142578	10.066591262817383	50
-59.553890228271484	30.643238067626953	22
-0.26928308606147766	17.028650283813477	22
13.134851455688477	11.831011772155762	22
-40.64410400390625	6.8763813972473145	14
31.94515037536621	-35.7366943359375	56
-22.606760025024414	9.988222122192383	3
-16.956127166748047	-14.184149742126465	38
21.379440307617188	29.678258895874023	57
4.920845031738281	-4.747738361358643	39
-33.30372619628906	30.718334197998047	16
41.57738494873047	-2.0460755825042725	51
15.729914665222168	-13.3921480178833	40
34.651580810546875	-15.788174629211426	22
36.864131927490234	-9.181127548217773	7
29.14605712890625	16.87848472595215	18
-20.242441177368164	-7.572137832641602	2
8.879298210144043	29.3121395111084	56
22.020751953125	12.484331130981445	23
-34.061500549316406	0.07449821382761002	59
55.48422622680664	-14.2607421875	57
41.523345947265625	9.036945343017578	7
-50.52613830566406	-6.244820594787598	6
48.31610107421875	-20.57444953918457	4
3.1395411491394043	18.464435577392578	59
-28.26002311706543	37.023128509521484	28
-37.5417594909668	22.52705955505371	53
1.1042920351028442	0.22805781662464142	2
11.464606285095215	31.40338706970215	56
-21.122560501098633	17.413921356201172	22
-54.77440643310547	2.313429117202759	22
50.81899642944336	7.232303619384766	58
50.3722038269043	6.799797058105469	58
-0.7334479093551636	-77.19290161132812	59
49.88943862915039	-5.95305871963501	39
-35.45787811279297	-4.945586204528809	3
-21.372196197509766	-37.61119842529297	3
28.554609298706055	-38.28431701660156	46
12.478703498840332	-7.034974098205566	11
2.7090296745300293	17.30152130126953	50
-31.067249298095703	17.797677993774414	3
-46.36442565917969	-2.4753260612487793	34
39.48844528198242	13.56832504272461	7
-46.77287673950195	-4.78788423538208	34
3.9912657737731934	-0.09557265788316727	18
41.97240447998047	-8.900729179382324	39
-18.778335571289062	35.00825881958008	1
41.3475456237793	-8.441216468811035	39
20.86390495300293	17.573909759521484	42
41.52581024169922	9.984945297241211	7
41.56068420410156	9.818208694458008	7
27.32012939453125	-40.072330474853516	7
-1.389242172241211	-30.623886108398438	49
35.381752014160156	14.094599723815918	20
-1.764783263206482	14.062349319458008	22
44.32140350341797	14.618124961853027	7
33.808170318603516	-15.944711685180664	51
-27.4323787689209	35.8973274230957	1
-17.49690818786621	-15.39535140991211	18
9.778841018676758	9.754477500915527	22
6.653641700744629	-22.349315643310547	40
37.17253494262695	-1.1494872570037842	22
22.475650787353516	-14.622517585754395	22
-25.9437255859375	2.141812562942505	44
-14.256834983825684	-33.25144577026367	3
-5.310064792633057	21.352243423461914	22
10.16325855255127	29.795183181762695	56
42.3652458190918	14.3944091796875	7
-26.499834060668945	14.350770950317383	3
-9.215461730957031	-37.45105743408203	46
22.72220802307129	11.22262191772461	23
-26.493865966796875	20.215055465698242	3
5.414068698883057	-11.479830741882324	9
2.9346539974212646	-29.79722785949707	49
-3.486272096633911	21.127498626708984	22
-5.88637113571167	12.603053092956543	31
-15.901518821716309	24.851842880249023	53
-23.25200843811035	16.558338165283203	44
42.085044860839844	0.6900692582130432	51
42.84998321533203	16.057945251464844	7
-28.916807174682617	45.03999710083008	25
-49.53436279296875	8.489331245422363	13
47.86560821533203	-9.984930038452148	39
11.447891235351562	-15.457744598388672	17
-26.932680130004883	-40.48786163330078	4
26.476285934448242	29.722692489624023	22
36.50121307373047	-15.738714218139648	22
-1.2736766338348389	15.769330024719238	3
-23.783668518066406	4.5339555740356445	22
12.646770477294922	-12.36365032196045	21
-31.26545524597168	16.898761749267578	56
-27.97923469543457	12.45538330078125	44
-18.24654197692871	13.118062019348145	3
43.549320220947266	14.681775093078613	7
-27.46419334411621	40.4168701171875	28
53.521095275878906	0.012043916620314121	39
36.64539337158203	-32.04327392578125	22
-20.910964965820312	47.72748565673828	26
23.080219268798828	11.50800895690918	23
-20.06368637084961	15.9618501663208	46
-2.001906156539917	13.535484313964844	22
25.640838623046875	31.338348388671875	22
-7.319972515106201	-5.964311599731445	2
-14.470831871032715	-33.22053527832031	3
-39.73684310913086	3.645542860031128	10
42.30915451049805	-19.266754150390625	22
-21.61922836303711	-15.50504207611084	22
21.401866912841797	-21.06773567199707	21
-30.907432556152344	3.6509904861450195	14
40.343441009521484	-25.503944396972656	22
36.501155853271484	-22.779632568359375	50
8.840426445007324	-7.364325046539307	22
32.950721740722656	-20.224355697631836	22
-27.559520721435547	49.29853820800781	25
12.305679321289062	-10.590518951416016	17
14.82095718383789	-5.001692295074463	17
-30.63255500793457	47.24441909790039	22
8.347302436828613	-20.49923324584961	40
-18.268339157104492	13.72280216217041	3
-4.574836730957031	27.923084259033203	48
43.0076904296875	13.976197242736816	7
-18.80194091796875	13.501264572143555	3
-30.3913516998291	7.193835735321045	3
-3.0001657009124756	-27.308820724487305	9
22.13360595703125	17.034059524536133	42
5.565342903137207	28.67268180847168	56
-19.130563735961914	1.270544171333313	57
-15.796077728271484	0.5427271127700806	57
-5.997562885284424	37.934261322021484	3
-4.629663467407227	10.534780502319336	31
-17.566152572631836	35.75676345825195	1
41.536712646484375	4.523244857788086	51
23.23563003540039	20.62594223022461	42
28.685468673706055	-27.072927474975586	23
24.798717498779297	2.2556464672088623	30
-6.803238391876221	39.115020751953125	1
2.0889105796813965	19.57662582397461	7
23.640960693359375	-18.83922004699707	21
-0.21021530032157898	46.780250549316406	47
33.79356384277344	-20.650367736816406	22
-35.32391357421875	11.818519592285156	22
46.12137222290039	-8.531974792480469	39
-25.610624313354492	47.93284225463867	25
-26.65022850036621	38.45128631591797	28
46.270263671875	-10.058723449707031	39
13.746898651123047	28.28416633605957	56
14.286622047424316	28.461153030395508	29
55.13687515258789	-5.377884387969971	29
55.07374954223633	-4.381591320037842	29
55.031070709228516	-4.435000896453857	29
54.297306060791016	-7.32625675201416	29
45.621063232421875	15.82386589050293	7
20.341659545898438	-4.860444068908691	17
-5.560205936431885	31.200037002563477	48
43.789852142333984	-10.96090030670166	39
-47.146697998046875	-3.861527442932129	34
-6.695693016052246	22.465356826782227	22
49.823211669921875	7.68192195892334	58
-3.8873398303985596	11.292069435119629	31
24.729488372802734	-17.333242416381836	21
25.224729537963867	-17.035438537597656	21
-21.127412796020508	5.42006254196167	39
20.053869247436523	28.637073516845703	22
4.176492214202881	19.782032012939453	50
-20.411046981811523	16.354341506958008	22
52.3978157043457	-5.049319744110107	29
30.486291885375977	-16.85904884338379	22
-12.4052152633667	38.13996505737305	1
-22.804216384887695	-5.298416614532471	57
3.1028025150299072	-29.23756980895996	49
20.784610748291016	29.653240203857422	57
-20.20682144165039	25.607547760009766	53
-9.286632537841797	-37.532501220703125	22
48.510623931884766	6.623910427093506	58
-46.17668914794922	-3.171802282333374	34
-41.556976318359375	4.516321182250977	22
-52.49613571166992	-13.827022552490234	3
19.64292335510254	-17.499868392944336	21
40.1480712890625	-25.378395080566406	22
-43.42607879638672	-21.19012451171875	3
-4.492578983306885	7.536111354827881	38
43.04965591430664	-17.41805648803711	29
52.121864318847656	-4.215341091156006	29
-52.51998519897461	-3.8849947452545166	6
17.18511962890625	-7.814088344573975	43
7.317623138427734	25.82285499572754	56
-52.01462173461914	-4.027923583984375	6
-2.15497088432312	2.8654556274414062	38
42.85361862182617	1.4552721977233887	51
-27.310100555419922	29.50049591064453	53
24.817546844482422	2.719785451889038	22
40.27992248535156	-0.22014038264751434	51
-13.050576210021973	9.562373161315918	59
9.87899112701416	-37.31501007080078	8
23.06169891357422	19.098838806152344	42
-32.63278579711914	3.162511110305786	14
2.1282260417938232	-30.01938247680664	49
-11.133097648620605	20.191917419433594	46
27.838010787963867	11.667946815490723	23
-5.056662559509277	-32.26486587524414	37
55.06254577636719	-7.429773807525635	29
45.09626007080078	11.895519256591797	18
15.460064888000488	2.121978282928467	38
43.12425994873047	-17.10324478149414	7
-24.778427124023438	13.799345016479492	3
9.335823059082031	9.87006950378418	22
28.461624145507812	-10.706133842468262	4
25.728303909301758	31.16335105895996	22
0.4586194157600403	5.4721150398254395	38
-31.159088134765625	4.934198379516602	14
33.34646224975586	5.552540302276611	18
21.98280906677246	-18.152286529541016	21
-17.928285598754883	-23.354480743408203	3
0.08737654983997345	-4.60183572769165	2
-20.116729736328125	-21.07488441467285	22
12.377010345458984	-10.239968299865723	17
18.857513427734375	-18.53890609741211	21
39.079681396484375	0.9885632991790771	51
11.902040481567383	-15.321232795715332	17
42.92634963989258	1.7528048753738403	51
-18.74339485168457	-13.949626922607422	22
-27.3720645904541	41.968170166015625	28
27.792686462402344	-19.2919864654541	21
24.05282211303711	-17.450422286987305	21
-22.58365249633789	9.896520614624023	3
0.9616625308990479	-25.844118118286133	52
-20.654966354370117	-30.19339370727539	1
-31.568185806274414	25.571941375732422	3
31.134248733520508	9.169126510620117	50
-45.6492805480957	0.9791797399520874	34
-39.901451110839844	-1.092308759689331	22
-37.591434478759766	16.8981876373291	22
19.230594635009766	20.266468048095703	42
-10.916830062866211	-6.003995418548584	41
-29.962915420532227	-34.96100616455078	4
11.649043083190918	31.523651123046875	56
-7.081882953643799	26.418222427368164	48
17.551910400390625	-23.664766311645508	21
-5.352353096008301	6.250971794128418	38
-25.194368362426758	47.85722351074219	28
-5.523438453674316	11.009090423583984	31
-15.77427864074707	-33.11205291748047	46
35.01714324951172	11.808075904846191	11
-35.02528762817383	10.773394584655762	3
3.7333180904388428	-6.79902458190918	22
7.704098701477051	25.099063873291016	56
23.82935333251953	-3.2411186695098877	30
-25.340087890625	42.89939880371094	28
35.87397384643555	-15.733832359313965	18
-17.906579971313477	-23.379112243652344	3
51.74199676513672	-6.2715349197387695	29
-15.223021507263184	37.36193084716797	1
8.057109832763672	-35.511844635009766	8
18.342618942260742	-18.8126277923584	21
-4.968319416046143	3.878105401992798	2
-10.054398536682129	16.310100555419922	46
-2.807267665863037	-27.413738250732422	9
27.566938400268555	-18.55653953552246	21
20.365087509155273	-21.66869354248047	21
-15.688227653503418	32.87871551513672	1
19.504411697387695	-16.616395950317383	21
23.757213592529297	91.52259826660156	22
21.444072723388672	3.3368172645568848	30
19.56301498413086	16.305618286132812	23
22.763164520263672	-2.842588424682617	30
-44.21646499633789	-5.566494941711426	34
4.36266565322876	-5.462156772613525	59
16.73914909362793	3.7420830726623535	5
-27.214120864868164	29.776268005371094	1
7.699477672576904	28.862274169921875	56
-10.076343536376953	-23.447921752929688	17
9.868354797363281	1.2610007524490356	5
17.23855972290039	4.846558570861816	22
5.5574750900268555	6.146573066711426	3
-1.5663506984710693	7.146239757537842	38
-50.76158905029297	-4.760908603668213	6
50.382999420166016	-20.361806869506836	7
-51.844547271728516	5.076117038726807	13
0.11696949601173401	8.707864761352539	2
13.646782875061035	-3.8434815406799316	22
50.327640533447266	-20.355083465576172	7
-21.719867706298828	47.09071350097656	26
47.446903228759766	14.332460403442383	7
17.327510833740234	6.373795032501221	23
26.535001754760742	10.675183296203613	47
-26.312776565551758	40.27720642089844	28
6.245894908905029	-35.91714859008789	8
28.09537124633789	-11.48931884765625	4
17.438085556030273	-19.655887603759766	21
9.23015308380127	2.5102388858795166	5
17.44537925720215	-23.798768997192383	21
-22.849634170532227	-15.226984024047852	39
48.62177658081055	-16.464771270751953	22
47.65946960449219	14.293766975402832	7
19.183259963989258	20.317251205444336	42
-15.623236656188965	1.3981727361679077	55
21.636423110961914	-18.6361026763916	21
9.360867500305176	-4.075192928314209	9
-18.550573348999023	34.374202728271484	1
7.200349807739258	-29.224130630493164	12
-19.908674240112305	-0.6804770827293396	57
20.835031509399414	-2.183814525604248	22
-49.87673568725586	-5.3352580070495605	6
-13.229954719543457	-20.72661590576172	22
29.240550994873047	10.736955642700195	4
-33.31968307495117	3.8124711513519287	22
-2.705613851547241	-1.9971202611923218	59
13.372735977172852	-23.06089210510254	21
19.004526138305664	-23.01067543029785	21
-32.90686798095703	33.44943618774414	16
-31.494308471679688	25.66924285888672	1
29.021434783935547	-11.515681266784668	4
34.89374542236328	6.105042457580566	45
-25.403541564941406	9.076934814453125	44
8.93902587890625	-27.20631217956543	18
-38.83491516113281	4.117751598358154	10
2.1946330070495605	1.399430751800537	57
-2.0605664253234863	-39.902557373046875	22
-5.637159824371338	8.728989601135254	31
-24.413358688354492	12.497268676757812	44
13.835214614868164	-3.9692344665527344	22
3.3174266815185547	0.22518102824687958	39
17.354848861694336	-18.229263305664062	21
-16.59247398376465	-29.272640228271484	54
-19.97955894470215	20.626659393310547	50
-52.904396057128906	5.6158833503723145	13
39.378631591796875	-24.886505126953125	22
22.975624084472656	-2.037015676498413	30
-33.0423583984375	33.52800369262695	16
-22.06048583984375	43.053958892822266	28
-28.736099243164062	10.715185165405273	44
-35.09894561767578	11.159847259521484	39
-9.774850845336914	49.44009017944336	22
9.107333183288574	3.0785071849823	5
28.824520111083984	-10.871636390686035	4
-22.873306274414062	-9.03896713256836	59
26.21126365661621	-23.235984802246094	22
-42.10015869140625	5.751169681549072	22
21.007936477661133	-3.4777798652648926	30
4.555018901824951	-9.069809913635254	40
25.152873992919922	1.0212236642837524	30
0.4093645513057709	23.92230987548828	39
8.898259162902832	-3.3151192665100098	3
22.91390609741211	29.499582290649414	22
46.51631164550781	-5.275265693664551	22
-20.328271865844727	0.12176675349473953	57
-50.049198150634766	-4.124929428100586	6
-7.236108779907227	-4.125180721282959	2
-31.73427391052246	32.98663330078125	16
7.860990047454834	-36.7435417175293	8
6.589271545410156	-29.000028610229492	12
8.199271202087402	28.181930541992188	56
-29.05314064025879	-10.56232738494873	19
33.51510238647461	-3.518780469894409	22
4.372716903686523	28.715200424194336	56
-19.75311279296875	22.89530372619629	46
4.091819763183594	-21.574115753173828	18
12.702790260314941	-14.856179237365723	17
-51.16783905029297	-5.047908782958984	6
3.4691407680511475	-22.15480613708496	18
47.3106575012207	-1.4211974143981934	51
-12.055913925170898	-7.293059825897217	41
-31.2150821685791	32.390228271484375	16
51.847293853759766	-5.921029567718506	29
-35.282493591308594	-5.067677021026611	3
-21.98681640625	47.62172317504883	26
-26.781150817871094	36.39577865600586	28
-25.98931312561035	1.648773193359375	44
14.172991752624512	3.8581721782684326	22
5.6822428703308105	-19.062349319458008	40
15.090045928955078	-10.83029556274414	21
-24.858549118041992	50.63520431518555	22
6.364743232727051	28.77406120300293	56
8.993155479431152	0.35583141446113586	5
32.853843688964844	1.604395866394043	40
-5.3690972328186035	9.973688125610352	31
21.62809944152832	16.89202117919922	42
9.00936508178711	-37.102054595947266	8
21.968486785888672	-6.42150354385376	17
-18.325651168823242	-1.004757046699524	57
27.524372100830078	1.2117420434951782	20
2.048722982406616	1.9346566200256348	38
-44.075714111328125	-5.6538496017456055	34
-11.827897071838379	-7.847480773925781	41
2.2691750526428223	-11.021615982055664	45
5.388113498687744	-19.87896156311035	40
9.846792221069336	19.097379684448242	56
-43.807743072509766	12.240355491638184	3
-46.89714050292969	0.7244434356689453	34
-51.290985107421875	8.228743553161621	13
-14.453717231750488	47.6513786315918	28
-45.76496505737305	-2.4705936908721924	34
24.634357452392578	-1.5628750324249268	30
-27.370708465576172	31.154088973999023	1
41.4448127746582	2.134225606918335	51
5.774085998535156	-34.85261535644531	8
-31.978422164916992	-7.6216254234313965	22
-2.8358962535858154	4.7663445472717285	2
-25.7298526763916	34.46813201904297	1
23.40325927734375	-0.7153501510620117	30
19.288732528686523	-11.785126686096191	9
26.269479751586914	-38.61669158935547	7
-19.83169937133789	28.51457405090332	53
3.717316150665283	-31.420183181762695	49
30.370956420898438	-1.759543776512146	22
9.411205291748047	-10.893844604492188	17
-6.649578094482422	-31.059017181396484	37
-22.896188735961914	30.15937614440918	53
-28.718379974365234	-32.91988754272461	39
-15.377425193786621	-3.5896353721618652	2
7.192018985748291	0.8902105689048767	5
-47.663143157958984	-1.728169322013855	34
5.158599853515625	-16.186843872070312	3
25.22077178955078	-20.67874526977539	22
17.882389068603516	3.090496778488159	22
-43.8415641784668	11.978594779968262	3
-15.582521438598633	-4.084680557250977	2
19.70418930053711	-4.988095760345459	17
-13.71629524230957	36.03814697265625	1
-18.80047035217285	41.03340530395508	1
-8.039113998413086	-29.7520809173584	37
0.3226999044418335	23.88037872314453	3
-19.052486419677734	41.53266525268555	1
33.03790283203125	-7.3061933517456055	22
-21.093063354492188	46.72672653198242	26
-23.43201446533203	31.663814544677734	1
17.696218490600586	-10.847831726074219	21
-1.686865210533142	6.497650146484375	38
-10.035661697387695	16.29161834716797	46
-28.362483978271484	-35.081993103027344	46
30.139972686767578	26.651309967041016	22
27.87521743774414	-16.578617095947266	40
-16.476455688476562	37.75273513793945	1
-20.87056541442871	28.287513732910156	53
-22.89142417907715	29.376235961914062	53
9.186429023742676	31.304903030395508	56
-47.57814407348633	3.1578991413116455	59
0.7513778805732727	7.723327159881592	38
18.940778732299805	-37.20895767211914	39
-14.819708824157715	31.66568374633789	46
6.533543586730957	-20.50002098083496	40
-3.248772144317627	-2.655904531478882	2
22.73465347290039	-4.208177089691162	4
27.748811721801758	1.4403680562973022	20
6.685561180114746	-36.095985412597656	8
-20.918704986572266	31.713394165039062	1
0.4851602613925934	-33.143638610839844	48
12.801687240600586	0.4646262228488922	59
30.1402645111084	26.659269332885742	22
-12.106500625610352	51.96262741088867	4
25.14774513244629	-21.56229019165039	22
-5.3789567947387695	-1.1533836126327515	2
-7.3966875076293945	-0.6714584827423096	0
10.412822723388672	-25.350601196289062	12
-15.165258407592773	35.53752517700195	1
-16.895137786865234	-29.301631927490234	54
35.27996826171875	10.870894432067871	11
-12.43702507019043	22.654624938964844	27
-52.68783187866211	4.111444473266602	13
-25.972349166870117	-2.0973565578460693	19
-51.740352630615234	3.0032505989074707	13
-25.78749656677246	41.61592483520508	28
-29.082515716552734	-1.3516749143600464	44
-21.467456817626953	45.873931884765625	26
-16.247478485107422	35.74231719970703	1
-24.3750057220459	27.454431533813477	53
47.05705642700195	-1.1834208965301514	51
-39.420654296875	-5.980027675628662	3
-19.57601547241211	-1.256340503692627	57
-15.272920608520508	3.635129690170288	55
1.6037096977233887	-17.321260452270508	9
-28.57173728942871	43.91881561279297	25
-32.33024215698242	-9.111250877380371	59
23.913999557495117	-1.1943882703781128	30
-6.386608600616455	-8.556242942810059	59
-25.125844955444336	26.271690368652344	53
-19.693483352661133	36.552330017089844	1
2.7925350666046143	8.984270095825195	22
-13.985434532165527	47.604007720947266	22
1.9522597789764404	-7.224013328552246	22
17.773340225219727	-10.302393913269043	43
-2.554661989212036	5.028220176696777	2
22.09473991394043	-13.406336784362793	40
10.177218437194824	16.835758209228516	50
27.807546615600586	-1.7793934345245361	22
-24.21249008178711	27.35122299194336	53
2.6779582500457764	-11.615592956542969	45
-14.919038772583008	38.91696548461914	1
-0.10120339691638947	34.821006774902344	14
-11.524871826171875	-19.828649520874023	17
-18.401803970336914	32.22235870361328	28
-23.272024154663086	31.161645889282227	1
-11.795063018798828	26.99959945678711	46
-43.542518615722656	7.046686172485352	22
14.387259483337402	7.466686725616455	22
-39.40203857421875	-5.9781951904296875	3
13.62842082977295	-28.1197452545166	22
15.942726135253906	7.7736921310424805	22
25.801912307739258	-5.358613967895508	30
6.587155818939209	-17.78571891784668	40
-11.936070442199707	48.1708984375	22
-19.752485275268555	24.35234832763672	1
17.868223190307617	-15.111196517944336	21
16.874279022216797	-31.755847930908203	50
-22.129941940307617	-37.641693115234375	3
25.397863388061523	-2.4031286239624023	30
-11.993905067443848	27.1197509765625	46
25.971418380737305	-6.786224365234375	4
25.152759552001953	-14.507750511169434	24
-4.627543926239014	27.77888298034668	48
22.261341094970703	0.5853680968284607	30
4.830215930938721	-20.684123992919922	18
-47.11061096191406	8.084800720214844	2
4.389030933380127	5.831845760345459	2
-22.61290740966797	43.678550720214844	26
-7.611634254455566	20.36115264892578	3
0.8010379672050476	6.646236419677734	38
-24.844139099121094	28.147336959838867	53
-25.010276794433594	41.45539474487305	28
-14.884507179260254	21.403806686401367	27
-10.499415397644043	48.630245208740234	22
-17.441709518432617	30.57615089416504	46
28.222267150878906	-28.090269088745117	22
-12.922027587890625	22.312095642089844	27
-19.11086082458496	-9.760255813598633	2
7.947505950927734	-38.3723030090332	8
1.3920122385025024	-18.128202438354492	40
20.648183822631836	-13.969413757324219	40
0.5019084215164185	-32.99085998535156	49
-12.841333389282227	17.577823638916016	40
20.18912124633789	-12.446232795715332	22
-29.49270248413086	-3.139793634414673	19
32.41696548461914	-4.731947422027588	24
-47.29754638671875	0.4760173559188843	6
-26.35953140258789	15.7401762008667	3
-18.35370445251465	31.21201515197754	1
-22.680761337280273	27.4710636138916	1
-8.380062103271484	46.30187225341797	10
-5.586211204528809	-31.5175838470459	37
-29.412548065185547	-2.909433126449585	57
-6.041531085968018	-31.691797256469727	37
29.9604434967041	-4.834839344024658	24
3.230651617050171	5.642491340637207	2
28.667142868041992	-17.040393829345703	21
-12.820148468017578	-7.7090559005737305	41
-22.758426666259766	46.729305267333984	26
8.939642906188965	-10.834759712219238	17
-16.7779598236084	38.6119270324707	1
23.227344512939453	-7.477156639099121	4
28.894929885864258	-16.755901336669922	40
-18.415678024291992	30.627229690551758	46
50.484859466552734	9.284622192382812	58
-22.83418083190918	23.78887367248535	53
-7.846536636352539	-28.518634796142578	37
7.6850385665893555	-38.051422119140625	8
25.68522834777832	-3.5552148818969727	30
21.793136596679688	-26.43929100036621	4
-0.8213849663734436	-28.521181106567383	12
-16.2611141204834	-14.278101921081543	38
24.288494110107422	-4.089149475097656	30
-50.78044509887695	-2.6968867778778076	6
0.8155991435050964	-28.972864151000977	49
13.687222480773926	14.713732719421387	40
26.29987144470215	-3.8494577407836914	30
-1.9043734073638916	-18.23386573791504	12
8.985469818115234	-34.145240783691406	8
12.442708015441895	-0.4657856225967407	5
-21.553730010986328	-37.47590255737305	3
-16.239215850830078	21.900028228759766	27
-25.081886291503906	-26.680326461791992	36
-49.381229400634766	3.8454740047454834	13
-25.989709854125977	-11.322244644165039	10
48.22827911376953	5.785080909729004	58
-13.509578704833984	18.937030792236328	27
-23.888504028320312	39.73300552368164	28
-23.287357330322266	38.53160858154297	28
-12.849930763244629	28.247390747070312	46
24.99437141418457	-11.01513671875	24
-51.723793029785156	6.366306304931641	13
33.18860626220703	-3.918475866317749	24
-19.687793731689453	39.05508041381836	1
-13.895498275756836	31.29948616027832	48
-7.624663829803467	27.607559204101562	48
-21.974411010742188	33.23401641845703	1
5.266311168670654	-14.554141998291016	40
-12.479412078857422	52.818668365478516	4
2.8620197772979736	-15.627127647399902	40
-1.6582738161087036	-20.947912216186523	48
4.352661609649658	-18.69000816345215	40
18.392118453979492	-8.62218189239502	43
-49.74346923828125	2.8373312950134277	13
-26.028879165649414	13.195310592651367	3
-5.634343147277832	-1.8408927917480469	2
-25.637439727783203	-1.7585521936416626	44
-24.88823127746582	-0.8748968839645386	12
-12.12182903289795	-19.344154357910156	17
-11.869095802307129	-2.6493892669677734	0
-50.804649353027344	5.486325263977051	13
-0.2870551645755768	-28.98152732849121	49
2.9821784496307373	5.428189277648926	2
-31.948719024658203	-14.225152969360352	0
21.522932052612305	-8.554051399230957	4
-19.428525924682617	-9.652198791503906	3
-6.84130859375	-1.8987213373184204	2
21.0349063873291	-14.071290016174316	40
-4.055231094360352	-23.068187713623047	48
23.393577575683594	-30.081951141357422	3
-14.194710731506348	22.672449111938477	27
-21.821340560913086	-20.946550369262695	35
-4.988455772399902	21.32844352722168	22
7.200177192687988	-33.16494369506836	8
8.466192245483398	-32.74982833862305	8
6.303305625915527	-25.7854061126709	12
-32.15653991699219	-7.973203182220459	59
23.281843185424805	-9.589333534240723	24
-50.44447708129883	-2.0807714462280273	6
19.857412338256836	-8.530227661132812	43
15.992328643798828	-17.14603042602539	21
-13.13742733001709	20.39863395690918	27
-4.946808338165283	-2.769662380218506	0
-34.06554412841797	-6.067473411560059	59
8.985196113586426	-24.060205459594727	12
-10.68782901763916	-17.21070098876953	2
-27.608325958251953	-7.081557750701904	19
-28.056861877441406	-8.797505378723145	19
25.933748245239258	-1.2794102430343628	30
11.667023658752441	17.15900421142578	22
-16.727819442749023	28.42183494567871	46
-42.504127502441406	11.345799446105957	3
3.4750609397888184	-15.721322059631348	40
-13.687764167785645	20.787996292114258	27
-21.735403060913086	48.59722137451172	26
-15.297344207763672	3.5429470539093018	55
-28.07689094543457	-10.476859092712402	19
18.170915603637695	-31.757343292236328	22
-11.24795913696289	-2.9302480220794678	0
25.515689849853516	-9.645234107971191	24
12.295223236083984	-0.8778687119483948	38
-50.86062240600586	5.575618267059326	13
7.1291184425354	-35.01074981689453	8
-4.42232608795166	-4.044907569885254	59
-23.400087356567383	22.906173706054688	46
18.623889923095703	-8.590210914611816	43
29.122791290283203	-5.359592437744141	24
17.65618896484375	-31.756481170654297	2
-15.9287691116333	48.94342041015625	22
26.532983779907227	-2.1609907150268555	30
-18.32501792907715	29.553909301757812	46
-32.10844421386719	-14.568751335144043	0
-15.142740249633789	20.25516700744629	27
-51.391265869140625	3.1982548236846924	13
-41.13993453979492	11.167340278625488	3
14.726585388183594	-15.670013427734375	12
18.963275909423828	-37.18256378173828	22
-7.812338829040527	28.21265411376953	48
8.629673957824707	-13.996312141418457	9
3.0763301849365234	12.38589859008789	22
-8.723015785217285	26.741344451904297	48
-24.505781173706055	40.353111267089844	28
-15.52603816986084	2.177957534790039	55
26.781558990478516	-14.585896492004395	24
3.0487265586853027	12.400635719299316	22
-50.592411041259766	4.46407413482666	13
3.351402759552002	-12.773083686828613	45
8.234262466430664	-24.119354248046875	12
-31.67547607421875	-19.94862937927246	33
21.1238956451416	-10.634049415588379	22
32.417137145996094	-6.961956977844238	24
-49.97700500488281	6.64243221282959	13
-14.401836395263672	21.115589141845703	27
-49.550453186035156	0.840878963470459	3
8.614108085632324	-34.97440719604492	8
-17.434194564819336	6.34246826171875	48
-7.036318778991699	0.6596303582191467	22
43.94321823120117	-0.5493402481079102	51
-15.614826202392578	29.15788459777832	46
-17.95347023010254	26.687604904174805	46
-27.044212341308594	-24.872018814086914	36
4.366541385650635	-36.718326568603516	40
10.980629920959473	17.17373275756836	22
-21.58112144470215	-20.96515655517578	35
-8.664839744567871	-29.830520629882812	22
-15.007833480834961	27.757776260375977	15
-12.13400936126709	-2.5998103618621826	0
-42.355594635009766	11.351115226745605	3
30.97249412536621	-6.314244270324707	24
24.386125564575195	-12.260286331176758	21
-6.445907115936279	28.288597106933594	48
-23.354755401611328	40.547122955322266	28
0.29792603850364685	-10.548334121704102	9
9.173650741577148	15.473132133483887	50
24.285327911376953	-9.755697250366211	24
88.38319396972656	59.93010711669922	22
14.226592063903809	-16.593059539794922	17
-9.979436874389648	-19.505273818969727	17
-49.72655487060547	7.476439476013184	13
-1.0898531675338745	-17.9739933013916	12
-14.574807167053223	6.967851638793945	55
-9.964508056640625	-22.77113914489746	17
23.80287742614746	-10.202461242675781	24
-22.868165969848633	40.659278869628906	28
-20.498424530029297	34.58124542236328	1
-13.835104942321777	-18.225570678710938	22
30.49407196044922	-4.195432186126709	24
4.250185966491699	-15.907126426696777	40
-26.4252986907959	-6.158516883850098	48
-12.837346076965332	42.0986442565918	15
-15.65746021270752	28.51664161682129	46
-36.05796432495117	-17.921091079711914	32
-2.650144338607788	-7.239211559295654	21
-26.062068939208984	-26.471132278442383	36
21.770837783813477	-10.91461181640625	4
-1.2162654399871826	-15.13619613647461	12
-4.8591389656066895	-30.771760940551758	37
-11.612844467163086	33.84126281738281	15
-23.257610321044922	-5.026872158050537	57
-20.69763946533203	34.10292053222656	1
-27.398998260498047	-16.378063201904297	0
-19.34113311767578	26.531097412109375	15
-24.463279724121094	39.27963638305664	28
-27.892026901245117	-9.908899307250977	19
-12.715658187866211	-18.471960067749023	59
-0.7946903109550476	-13.303936958312988	18
-13.665533065795898	6.682337284088135	59
26.962404251098633	-14.356039047241211	24
3.1157805919647217	-37.06643295288086	11
8.754131317138672	-7.416743755340576	12
30.301973342895508	-6.4233269691467285	24
-26.245403289794922	-25.99990463256836	36
7.8184614181518555	-25.81939125061035	12
23.34725570678711	-11.241117477416992	4
-25.6033935546875	-25.61153793334961	36
-36.35050582885742	-16.07042121887207	59
-0.8485942482948303	-17.210451126098633	9
-10.322128295898438	-24.17600440979004	10
-33.39286422729492	41.099609375	3
-10.747058868408203	31.004886627197266	15
-7.120336055755615	31.586910247802734	15
-11.532469749450684	30.94845962524414	46
-27.700170516967773	-9.731219291687012	19
-11.371234893798828	-20.601221084594727	17
-5.008360862731934	-22.2965087890625	48
9.770126342773438	18.346904754638672	50
-26.675153732299805	-6.169775485992432	59
7.066917896270752	-23.80107879638672	12
-27.61723518371582	-26.512983322143555	36
-1.4335880279541016	46.80332565307617	47
-8.19384479522705	-13.685953140258789	22
-6.0658464431762695	-13.073155403137207	22
-12.501509666442871	-12.130393981933594	59
29.67628288269043	-7.424203872680664	24
-10.951519012451172	-19.530820846557617	17
17.79585075378418	-15.753286361694336	21
-3.122584104537964	-7.7431511878967285	3
-27.64258575439453	-18.236366271972656	33
-25.667896270751953	-4.326400279998779	19
29.252605438232422	-21.160987854003906	22
-43.037967681884766	-15.980636596679688	47
-6.728819847106934	30.006092071533203	48
-7.917875289916992	-18.9182186126709	38
-9.560490608215332	-13.90153980255127	59
-1.4661622047424316	-14.958459854125977	12
-6.080493450164795	-13.14337158203125	22
-42.9519157409668	-16.026710510253906	47
-28.05672264099121	-15.164652824401855	10
29.466955184936523	-8.019977569580078	24
7.851201057434082	-16.03277015686035	9
-12.4784517288208	-12.136682510375977	12
-8.665499687194824	-19.16158676147461	17
-34.48740768432617	-20.074748992919922	32
-9.299369812011719	34.61444854736328	15
-0.8429334163665771	-14.402243614196777	45
-8.875577926635742	-13.75861930847168	59
14.662144660949707	-18.576337814331055	21
-8.853670120239258	31.14727210998535	15
-8.898064613342285	31.09150505065918	15
-7.546104431152344	32.581729888916016	15
10.489949226379395	-23.58331298828125	12
-38.819183349609375	1.7975685596466064	10
-16.079547882080078	-42.01041030883789	10
-8.27562141418457	29.172523498535156	15
15.393875122070312	-18.52792739868164	21
-10.663963317871094	32.956912994384766	15
1.7292600870132446	-20.405315399169922	9
-39.80405044555664	0.4463813304901123	10
-42.317909240722656	-17.252079010009766	47
8.586682319641113	-22.214872360229492	45
2.9782557487487793	-13.308015823364258	45
7.367103576660156	-23.46394920349121	12
11.75637149810791	-17.839794158935547	12
-40.00186538696289	0.10854656249284744	34
-9.53997802734375	34.39469909667969	15
-16.075458526611328	-42.00740051269531	39
10.298050880432129	-17.91561508178711	45
13.447675704956055	-18.930835723876953	45
-15.848121643066406	50.03763961791992	39
-33.747440338134766	-14.656221389770508	35
-34.60574722290039	-18.5386962890625	32
11.676671028137207	-19.575336456298828	17
-37.70781326293945	-10.148447036743164	59
-16.51602554321289	6.701892852783203	59
-1.0537793636322021	46.78193283081055	47
16.370344161987305	-43.232173919677734	22
16.37327766418457	-43.20077133178711	10
-23.80606460571289	-13.594493865966797	22
-31.414058685302734	-19.93062973022461	33
-38.67518997192383	-15.3963041305542	35
-35.240936279296875	-18.697668075561523	32
-38.07719421386719	-21.016700744628906	32
0.7079364657402039	-21.728254318237305	48
-35.191410064697266	-19.38017463684082	32
-7.367773056030273	33.58319854736328	15
-16.20317840576172	6.808310508728027	59
15.3016357421875	-20.533451080322266	24
11.178888320922852	-20.138002395629883	17
-1.0208356380462646	-20.537206649780273	48
-33.03823471069336	-17.664865493774414	33
-32.37418746948242	-21.905323028564453	35
-28.52963638305664	-18.041414260864258	33
4.297582626342773	-12.306450843811035	45
-32.1837158203125	-18.886085510253906	33
8.350059509277344	-14.156133651733398	9
-29.959869384765625	-17.63486099243164	33
-8.605716705322266	-0.3275442123413086	3
-37.527523040771484	-17.53546714782715	35
10.983912467956543	-20.516908645629883	17
-33.528892517089844	-28.246126174926758	35
-9.101373672485352	-0.11430355906486511	38
-37.59876251220703	-20.31966781616211	32
-10.96453857421875	1.9647387266159058	35
-38.5152702331543	-21.921205520629883	33
-5.3032684326171875	29.802282333374023	48
-24.711315155029297	-12.603086471557617	3
-22.05940055847168	-6.542280673980713	22
-33.164825439453125	-21.070960998535156	33
4.535985946655273	-24.043292999267578	45
-38.53739929199219	-15.74932861328125	35
-11.583962440490723	1.9743916988372803	35
-34.139469146728516	-16.03915023803711	35
-29.826942443847656	-17.844459533691406	33
-36.20466613769531	-19.48858070373535	32
-0.0877290666103363	-20.324254989624023	48
-34.482215881347656	-13.760493278503418	35
-4.142745494842529	-19.73331642150879	48
-33.5048713684082	-28.24526596069336	48
-11.61907958984375	2.9306962490081787	35
5.674678802490234	-24.733083724975586	59
-8.977751731872559	47.0689582824707	10
-39.7225341796875	-18.834009170532227	32
-39.30778503417969	-18.99079132080078	32
-36.092430114746094	-15.110624313354492	35
-36.94024658203125	-18.165063858032227	32
-35.24148178100586	-21.37110137939453	32
-33.205291748046875	-13.16716194152832	35
-33.6263542175293	-15.925724983215332	35
-10.67349910736084	3.190284013748169	35
-31.319374084472656	16.73967170715332	3
36.20598602294922	12.531312942504883	11
39.99631118774414	3.044201135635376	51
13.48184585571289	6.037619113922119	58
-2.3734421730041504	-6.75575590133667	38
2.4787380695343018	36.34222412109375	50
48.67133331298828	8.230902671813965	58
34.431678771972656	4.109999656677246	40
6.582106113433838	10.844082832336426	2
55.48367691040039	-14.265631675720215	18
16.541839599609375	7.7357940673828125	23
-6.021825313568115	3.9025704860687256	2
2.9826133251190186	39.288307189941406	50
5.804225444793701	-8.467945098876953	46
49.17997360229492	-20.292922973632812	22
-16.824729919433594	34.450809478759766	1
34.38084030151367	-11.561554908752441	7
-21.718673706054688	25.029067993164062	53
-28.12749671936035	39.6604118347168	28
32.67965316772461	53.23521041870117	4
19.34656524658203	31.429550170898438	7
-10.070624351501465	42.294498443603516	22
13.607797622680664	27.37638282775879	56
19.75737762451172	32.27836227416992	7
28.840885162353516	20.36764907836914	22
42.516300201416016	3.6319408416748047	51
6.8025431632995605	31.671005249023438	56
-22.238765716552734	24.50693130493164	53
41.155269622802734	-4.7157135009765625	51
-28.9812068939209	-34.8119010925293	25
-16.51219940185547	38.99604034423828	1
-11.995550155639648	42.360992431640625	22
-26.18219566345215	-38.67577362060547	22
1.4817572832107544	36.611270904541016	50
33.791202545166016	1.5676153898239136	40
31.873722076416016	-13.701713562011719	7
17.732513427734375	34.700164794921875	39
-8.517431259155273	50.27798843383789	22
36.04820251464844	-33.36635208129883	39
35.943458557128906	-33.760108947753906	39
