dim1	dim2	Cluster
13.944446563720703	43.56901168823242	37
25.923280715942383	32.08121109008789	32
49.860530853271484	-37.834224700927734	14
-47.25474166870117	-35.28667449951172	30
10.251370429992676	61.46373748779297	18
28.891098022460938	42.67340087890625	17
39.979454040527344	39.01992416381836	22
13.034608840942383	-22.666467666625977	21
29.673372268676758	-7.1912407875061035	39
10.211220741271973	-13.71027946472168	21
64.32378387451172	29.23637580871582	9
71.21540069580078	-61.216129302978516	11
88.15872955322266	-46.47629165649414	22
2.7854020595550537	-72.86055755615234	29
20.795127868652344	51.87939453125	9
-90.73893737792969	-34.69904708862305	22
13.288434982299805	75.32170867919922	4
36.99030303955078	80.1489028930664	3
16.2255802154541	17.17367172241211	22
79.20570373535156	-57.28792190551758	42
9.372758865356445	78.97356414794922	4
-2.9292092323303223	-37.14737319946289	1
54.035858154296875	-47.4633903503418	14
28.419076919555664	91.07677459716797	10
-11.469911575317383	-14.50827693939209	21
2.156672716140747	56.01313400268555	31
16.68667984008789	-31.106786727905273	46
-6.293519020080566	41.90373229980469	13
31.529985427856445	24.257587432861328	32
-33.019935607910156	43.28480529785156	23
-14.186656951904297	-11.566280364990234	21
69.34585571289062	12.703442573547363	44
32.43388748168945	40.31914520263672	22
29.337871551513672	96.21544647216797	10
39.05546569824219	28.226701736450195	22
14.734978675842285	9.224178314208984	22
1.6518975496292114	-11.144253730773926	2
74.17108154296875	43.05813217163086	22
26.65105438232422	-92.174560546875	36
-39.34218978881836	30.86014175415039	22
11.233941078186035	21.37955093383789	37
-11.366600036621094	12.48715877532959	22
23.618022918701172	14.860447883605957	9
14.889101028442383	31.007104873657227	22
48.86404037475586	27.749839782714844	9
-42.80131530761719	-9.165079116821289	22
-14.304051399230957	-15.143465042114258	21
18.8278751373291	100.31742095947266	47
-69.53630828857422	4.630977153778076	5
-37.20881271362305	-46.343223571777344	30
0.33293819427490234	26.036611557006836	7
5.225609302520752	-55.71920394897461	7
7.776552677154541	1.3311169147491455	2
52.87063217163086	72.11885070800781	18
34.24277877807617	20.032075881958008	22
39.764835357666016	13.1367769241333	13
14.687832832336426	-30.10938835144043	46
51.74302291870117	24.747447967529297	9
-63.27886962890625	36.08869552612305	21
-55.93364334106445	46.07087707519531	22
57.70148468017578	-77.67587280273438	26
2.811697244644165	-66.75891876220703	43
49.2836799621582	32.18718338012695	9
22.241092681884766	5.77551794052124	17
-59.569149017333984	24.4616641998291	22
6.173173427581787	53.75048065185547	37
29.062931060791016	85.1204833984375	22
19.397619247436523	-50.45496368408203	22
-11.302901268005371	7.325763702392578	22
36.55403518676758	47.853660583496094	22
13.11928939819336	94.64324188232422	22
-73.6950454711914	-16.474123001098633	18
56.15713882446289	-21.00653839111328	22
7.064936637878418	5.132808685302734	2
-45.733089447021484	63.59199523925781	22
73.42131805419922	-35.64521026611328	24
28.85908317565918	58.883384704589844	31
19.833553314208984	37.914886474609375	23
-93.00205993652344	-10.386533737182617	22
-0.7236315608024597	-73.92505645751953	29
2.9353227615356445	5.378875255584717	2
11.083645820617676	51.82796859741211	23
60.90725326538086	15.32956314086914	44
-15.405207633972168	-18.02687644958496	21
-51.90798568725586	-42.64238739013672	7
0.27543121576309204	-23.191181182861328	2
29.352628707885742	10.696549415588379	22
-50.64247512817383	70.29638671875	22
44.747493743896484	-17.13096046447754	40
-0.6237226724624634	11.562841415405273	1
-5.298437118530273	-16.707284927368164	2
66.19298553466797	-37.36643600463867	11
28.007301330566406	-77.49563598632812	24
-43.792240142822266	-35.842681884765625	30
0.04817488417029381	-28.597055435180664	22
90.68167877197266	-3.343385934829712	3
4.248758792877197	-1.3764162063598633	2
-0.3432201147079468	-70.6469955444336	29
72.62199401855469	-76.31843566894531	35
-7.786406993865967	-54.470272064208984	22
-8.556625366210938	-43.75313186645508	38
27.445697784423828	47.400909423828125	17
63.02051544189453	-10.802749633789062	36
32.337158203125	79.52882385253906	3
76.86165618896484	-32.53480911254883	3
-83.6185302734375	26.559844970703125	22
-8.872530937194824	53.23968505859375	32
28.147544860839844	24.334716796875	32
81.73019409179688	-39.60770034790039	22
-7.741128921508789	-29.909786224365234	9
57.270450592041016	-48.66413116455078	14
-28.41425132751465	95.24752807617188	22
73.0370101928711	37.15896224975586	22
35.269798278808594	-33.50192642211914	37
72.59422302246094	-56.51925277709961	45
-5.767373085021973	-12.812627792358398	34
63.74827194213867	7.270933151245117	22
-47.91244125366211	-9.776457786560059	22
92.32799530029297	10.280426979064941	22
-55.9568977355957	-43.722103118896484	7
15.43270492553711	37.95995330810547	37
53.16366195678711	2.5312819480895996	22
76.81599426269531	18.356517791748047	44
0.9287168979644775	1.5689114332199097	22
-2.2350218296051025	-66.89997863769531	43
-48.701839447021484	-41.138031005859375	30
55.137271881103516	29.939010620117188	36
-45.59794616699219	-26.9331111907959	30
8.458890914916992	-22.396068572998047	21
9.143976211547852	-2.300010919570923	2
-5.924461364746094	11.151853561401367	1
-5.7942633628845215	-66.80509948730469	43
-20.54791831970215	22.137475967407227	17
-17.74012565612793	-4.711439609527588	21
16.400239944458008	-6.63241720199585	22
36.786170959472656	-45.2882194519043	45
33.53603744506836	57.63295364379883	22
-3.715808868408203	15.235654830932617	1
35.45701599121094	63.47450637817383	22
11.854435920715332	-10.786783218383789	21
-30.1302433013916	46.23250198364258	23
-22.994943618774414	-5.415740489959717	22
-25.824186325073242	-25.233909606933594	30
58.88339614868164	66.9379653930664	22
13.93417739868164	-13.223705291748047	21
-19.81043815612793	6.2170209884643555	22
-31.936941146850586	0.9529759883880615	21
74.42251586914062	-49.54121398925781	11
71.7764663696289	-19.466886520385742	29
55.153350830078125	26.812257766723633	36
-1.133895993232727	4.509340286254883	2
-21.68349838256836	45.38242721557617	18
83.25502014160156	-48.0904426574707	22
-8.452219009399414	-34.60804748535156	22
-30.68451499938965	5.4388108253479	31
-16.401987075805664	30.489046096801758	7
-56.44998550415039	-46.69979476928711	7
-82.99600982666016	6.740467548370361	21
-26.411373138427734	-16.46102523803711	31
-30.686565399169922	-23.54509925842285	21
16.60453987121582	14.954001426696777	22
36.400238037109375	42.82725524902344	0
32.284366607666016	-58.48556137084961	22
8.224547386169434	-61.32218933105469	40
69.97754669189453	31.27669906616211	44
-48.291954040527344	-3.509009838104248	21
5.8527398109436035	63.415611267089844	32
51.21970748901367	42.24970626831055	22
5.7703704833984375	-14.252215385437012	0
43.97467803955078	26.215837478637695	36
16.520292282104492	-25.96535873413086	25
58.452552795410156	-45.56664276123047	14
16.12580680847168	-11.286538124084473	21
69.52920532226562	-40.57978057861328	22
45.58742141723633	37.93842315673828	22
-60.023441314697266	53.6341438293457	21
-74.52952575683594	3.7019870281219482	19
-1.5259644985198975	-56.27513122558594	1
74.14994049072266	-44.99554443359375	22
-25.097803115844727	17.379053115844727	22
66.17788696289062	-58.48027801513672	11
14.330855369567871	48.64456558227539	37
9.60069465637207	56.291954040527344	9
-54.85531234741211	-40.14494323730469	7
22.401716232299805	44.350547790527344	18
24.0291748046875	-9.25650405883789	21
-35.31697082519531	15.257719039916992	22
-7.81586217880249	0.5280998349189758	22
-38.11396026611328	37.273536682128906	23
-2.563605546951294	0.20960506796836853	2
50.774539947509766	20.041473388671875	9
23.698200225830078	9.322579383850098	22
58.78456115722656	33.21107482910156	36
-61.8431510925293	43.046661376953125	21
36.63186264038086	-17.998306274414062	22
-2.742192506790161	36.55742263793945	13
19.76578712463379	-9.416529655456543	21
47.47807693481445	9.887796401977539	9
-52.886680603027344	-1.0515114068984985	19
53.670188903808594	-2.51214599609375	22
68.32469177246094	20.775814056396484	44
-1.6625666618347168	-5.38882303237915	2
69.08287048339844	-45.28602600097656	11
-3.1643776893615723	40.369571685791016	13
-0.686955451965332	52.48630142211914	23
87.36473083496094	-19.003080368041992	22
35.122581481933594	38.018795013427734	22
22.582874298095703	21.39316749572754	22
25.844755172729492	64.60301208496094	32
80.40506744384766	15.067566871643066	29
57.676971435546875	22.606529235839844	9
-10.438984870910645	-84.11589050292969	7
30.24458122253418	-28.839046478271484	22
-94.85242462158203	-19.75118064880371	22
59.00703430175781	-82.8296127319336	22
4.573975563049316	2.2434499263763428	2
-44.06589126586914	3.0501344203948975	34
3.843898057937622	-32.67917251586914	21
-84.16239929199219	20.544544219970703	22
-2.8672595024108887	-31.529144287109375	30
6.767169952392578	25.933691024780273	22
65.4770278930664	13.211634635925293	44
23.03519630432129	-5.064026355743408	22
-33.848876953125	90.12861633300781	17
-55.2142333984375	60.376075744628906	22
-28.00071144104004	21.467737197875977	18
24.749841690063477	95.47799682617188	47
20.617883682250977	-29.682619094848633	22
32.04972839355469	45.02186965942383	22
64.07211303710938	-68.41236877441406	11
37.715087890625	-34.880271911621094	37
-3.5930018424987793	45.03120803833008	13
68.63128662109375	16.645122528076172	44
71.63703918457031	55.150047302246094	18
8.881715774536133	97.3043212890625	22
86.86215209960938	-33.23118209838867	1
-5.988443851470947	19.171541213989258	1
-3.807861804962158	97.26702880859375	41
-51.259300231933594	-20.30945587158203	1
-11.241165161132812	-94.6290054321289	9
43.68985366821289	0.5616984367370605	9
-4.369751453399658	-69.692626953125	43
-29.375747680664062	-20.326393127441406	22
26.17439079284668	38.965572357177734	23
78.21864318847656	4.842285633087158	9
24.75901222229004	88.18836212158203	10
-18.631383895874023	-10.3651123046875	22
23.86098289489746	83.86074829101562	10
17.06271743774414	21.991193771362305	22
-1.1704401969909668	-18.806251525878906	2
47.51555252075195	-45.35630798339844	14
-5.319942951202393	-3.62791109085083	22
11.428811073303223	46.49360656738281	37
-34.393516540527344	19.452024459838867	22
-31.218320846557617	19.553346633911133	22
-2.0283944606781006	-63.30827713012695	43
-15.36939525604248	-59.63761901855469	7
-11.907084465026855	-19.072420120239258	21
37.817962646484375	1.3981679677963257	22
-34.501808166503906	27.789209365844727	22
2.5419681072235107	-6.460752010345459	2
44.26111602783203	-48.69080352783203	45
-13.826553344726562	-79.71186828613281	22
10.532485961914062	-35.54511260986328	22
-31.137996673583984	-27.963655471801758	30
-14.361382484436035	-1.1693090200424194	22
-2.7856037616729736	-9.383461952209473	0
42.53615188598633	20.766620635986328	9
16.95701789855957	-75.23158264160156	7
70.90465545654297	-26.349233627319336	29
72.50804901123047	18.70432472229004	44
-5.181546688079834	-25.37110137939453	22
61.38480758666992	20.616254806518555	9
-16.66469383239746	-72.27033996582031	38
19.42158317565918	-14.60448932647705	46
18.672569274902344	-98.83229064941406	36
15.904810905456543	-37.291961669921875	22
-50.33816146850586	-46.89389419555664	7
77.98149108886719	-6.144098281860352	39
43.750186920166016	7.521761894226074	13
27.095962524414062	-56.07093811035156	22
84.32167053222656	-1.5614945888519287	9
11.884462356567383	-0.08571161329746246	2
20.14270782470703	32.35354232788086	40
74.81916046142578	-53.84798812866211	11
20.335716247558594	68.85716247558594	7
-65.54219055175781	68.15760803222656	22
-51.66283416748047	-14.935736656188965	34
4.818517684936523	-62.19733428955078	40
28.57322883605957	-23.234630584716797	22
1.0872198343276978	-36.15255355834961	22
39.5182991027832	-3.8877999782562256	21
-69.20578002929688	-65.3066177368164	22
-80.20759582519531	-3.3245952129364014	22
77.93209838867188	9.851250648498535	44
58.590980529785156	28.135114669799805	36
22.46485137939453	0.4413152039051056	46
-31.149080276489258	24.94143295288086	22
69.32608032226562	-65.42464447021484	11
-46.33738708496094	-14.963193893432617	22
-31.461862564086914	107.97289276123047	22
81.49095916748047	-63.660675048828125	42
23.129419326782227	-13.863656997680664	21
80.86284637451172	-11.157083511352539	46
36.0727653503418	-7.689260005950928	22
35.374351501464844	-26.798595428466797	22
-4.258857250213623	24.943822860717773	7
17.087055206298828	-72.23754119873047	7
36.37950897216797	86.43014526367188	22
-53.51148223876953	51.410247802734375	22
-94.97575378417969	-2.496394157409668	22
-66.80732727050781	16.737960815429688	19
25.662073135375977	27.254730224609375	32
-23.750612258911133	7.949382781982422	22
62.84618377685547	-0.1385778933763504	0
-36.965415954589844	-1.7435287237167358	22
-24.117267608642578	-9.866392135620117	21
78.50437927246094	-45.82505798339844	9
-56.37900161743164	-1.7888991832733154	19
-49.1073112487793	1.4827972650527954	21
88.44219207763672	-54.00094223022461	22
-38.97675323486328	-26.791793823242188	34
17.925222396850586	-21.49715805053711	46
39.067317962646484	-82.9105453491211	15
-15.808869361877441	15.015647888183594	22
20.813129425048828	-24.34677505493164	46
44.1088752746582	30.93286895751953	9
-30.30182647705078	-54.17472457885742	38
-23.417007446289062	40.2713737487793	37
68.12430572509766	3.8751559257507324	44
3.1087167263031006	50.20238494873047	23
-25.887630462646484	-87.25504302978516	22
57.97971725463867	-13.770822525024414	9
39.38883590698242	8.921486854553223	13
51.25724411010742	-50.0955810546875	14
35.511226654052734	-12.424736976623535	2
-18.712078094482422	2.267805576324463	22
-9.850085258483887	-4.024672985076904	37
-51.5431022644043	41.35660934448242	8
44.119075775146484	-36.06198501586914	24
40.69225311279297	44.89088821411133	22
-40.60614776611328	18.35552406311035	19
58.92005920410156	-3.287630796432495	22
-7.383517742156982	-8.805800437927246	2
-90.16101837158203	39.4604377746582	22
-3.2303378582000732	8.12520694732666	1
78.78301239013672	-51.60580062866211	22
69.28624725341797	-57.945316314697266	11
-5.8573503494262695	3.9977235794067383	39
72.19515991210938	22.85708999633789	39
-14.49025821685791	4.350070953369141	39
-42.4674186706543	-19.130760192871094	39
-40.682064056396484	-22.354141235351562	39
-46.207523345947266	-19.541135787963867	39
-7.760684013366699	7.440295696258545	39
-49.14616394042969	56.339752197265625	22
-51.57461166381836	7.8181681632995605	5
32.85359191894531	-74.8729248046875	15
-11.029664993286133	2.086778402328491	39
21.22852325439453	90.49285125732422	10
68.35595703125	-31.821523666381836	22
-7.383033752441406	16.11615753173828	1
36.426151275634766	6.937180042266846	13
-51.348514556884766	15.850913047790527	19
-54.23117446899414	15.424205780029297	19
19.99790382385254	9.652079582214355	22
29.97355079650879	-34.509727478027344	22
32.35756301879883	49.20235061645508	22
78.41371154785156	-15.553566932678223	22
-44.30861282348633	-23.1618595123291	39
-62.8671875	48.288326263427734	22
56.65915298461914	-37.237449645996094	13
5.788428783416748	58.86901092529297	37
-48.397193908691406	-44.59775924682617	7
37.403236389160156	-22.378868103027344	22
39.85551452636719	-47.21598815917969	45
9.45669174194336	-46.61101150512695	22
-24.760480880737305	25.217451095581055	1
22.4688777923584	87.36553192138672	10
27.44222068786621	79.1883316040039	3
83.9323959350586	-24.84566307067871	9
-59.54452896118164	7.49252986907959	19
-25.936880111694336	7.096365928649902	22
-23.098108291625977	97.37390899658203	22
2.1284279823303223	33.42905044555664	13
-36.87021255493164	23.137527465820312	39
-48.02442169189453	-23.14037322998047	39
21.734891891479492	100.5396728515625	47
-80.55606842041016	13.91369915008545	21
72.17459869384766	6.924334526062012	44
24.097156524658203	99.23033142089844	47
-6.134466648101807	37.81728744506836	13
14.734081268310547	3.3099770545959473	2
40.69342803955078	-63.619590759277344	45
-50.989952087402344	44.64642333984375	8
6.3323445320129395	-5.208737850189209	2
12.15343952178955	-26.563703536987305	25
-44.81191635131836	-62.52180099487305	30
-20.852191925048828	-1.069489598274231	21
-8.783544540405273	23.121658325195312	32
-49.86124801635742	-50.24535369873047	7
4.955562591552734	-45.62770080566406	21
9.9137544631958	-17.72501564025879	21
-25.916479110717773	-58.18381881713867	7
-38.07590866088867	-17.93312644958496	39
50.79817581176758	86.1159439086914	22
-34.05988311767578	39.442413330078125	23
-38.927978515625	26.487295150756836	22
54.33649444580078	17.783536911010742	9
6.793369293212891	-37.009925842285156	22
-63.81690216064453	30.056180953979492	8
32.751407623291016	-24.957693099975586	36
-3.339792490005493	30.032299041748047	13
32.59512710571289	31.589862823486328	32
-46.304107666015625	-38.38108825683594	30
-52.202510833740234	3.885906219482422	19
30.948511123657227	3.229854106903076	22
-29.154592514038086	-8.675968170166016	13
28.006053924560547	-1.0542114973068237	22
-55.623905181884766	1.2778046131134033	19
-63.0098762512207	8.329622268676758	19
15.687967300415039	-0.8595566749572754	2
-57.925987243652344	-9.69631290435791	6
52.38991165161133	-18.21672248840332	2
28.17730712890625	-100.93195343017578	22
67.06291198730469	-54.942222595214844	11
-40.303592681884766	12.938678741455078	22
-52.501441955566406	18.724157333374023	19
54.74592971801758	21.981287002563477	9
-53.82379150390625	-46.655704498291016	7
31.52915382385254	-90.04130554199219	24
52.53086471557617	8.807863235473633	36
14.926955223083496	-17.346195220947266	21
12.989303588867188	101.6064453125	10
5.924539566040039	-88.1473617553711	22
-22.838748931884766	-21.6855411529541	3
10.879435539245605	41.691280364990234	37
-18.59757423400879	38.49003601074219	48
48.92449188232422	-7.264355182647705	22
65.47781372070312	17.3355770111084	44
37.99407196044922	-72.62625885009766	15
-71.50670623779297	-4.215376853942871	19
0.7386906743049622	30.092262268066406	13
82.68389892578125	-54.709739685058594	22
41.48482131958008	11.380433082580566	13
23.498703002929688	-74.29014587402344	7
-17.242328643798828	-15.241169929504395	21
50.761253356933594	53.969303131103516	22
-2.6234331130981445	-42.659183502197266	21
59.96619415283203	11.445379257202148	44
-56.15913391113281	26.846965789794922	8
67.91458892822266	-69.42170715332031	11
11.817944526672363	-42.31999969482422	22
28.15163803100586	4.551035404205322	22
-49.42972946166992	-26.753328323364258	30
48.77765655517578	-53.509517669677734	14
-40.84783935546875	-60.146854400634766	27
-65.59784698486328	5.576511859893799	19
-1.4312461614608765	33.39387893676758	48
14.242431640625	-53.29071807861328	9
-33.58953857421875	-53.019466400146484	38
-44.77955627441406	16.58467674255371	19
-70.49404907226562	16.221033096313477	19
41.665836334228516	-59.65877914428711	24
-66.58855438232422	1.8685280084609985	19
-84.0777816772461	42.92412185668945	22
-42.6348876953125	38.35702133178711	8
15.685815811157227	53.12030029296875	37
-49.44577407836914	26.906970977783203	8
13.746792793273926	90.46563720703125	10
-9.959452629089355	-48.908531188964844	17
-28.98102378845215	41.14132308959961	21
43.301727294921875	-63.33023452758789	24
68.24588775634766	9.243999481201172	44
-61.606258392333984	-15.945807456970215	22
-34.12396240234375	47.88625717163086	23
-31.58319854736328	31.892854690551758	22
78.12174987792969	32.77714538574219	9
8.351921081542969	37.0843505859375	13
20.926837921142578	96.08113098144531	47
4.869612216949463	-26.606975555419922	22
18.056316375732422	78.50153350830078	4
9.1712007522583	30.24738311767578	13
-70.37699890136719	57.384769439697266	21
59.576507568359375	49.60353469848633	22
78.74893951416016	-62.77799987792969	42
-48.44345474243164	49.84953689575195	39
18.13585090637207	45.92340850830078	23
-12.935073852539062	19.27397346496582	23
67.44694519042969	-61.63747787475586	11
-34.69465255737305	-61.47239685058594	27
-64.12798309326172	24.59177589416504	8
-64.1641616821289	-2.2567481994628906	19
-31.34250259399414	36.400962829589844	23
-73.84754943847656	-2.8977534770965576	19
-16.548940658569336	23.14547348022461	22
68.25909423828125	44.6890983581543	22
-20.035282135009766	17.147689819335938	22
-24.417707443237305	12.784415245056152	37
-27.83440589904785	-82.06275177001953	7
-68.16863250732422	-1.800716519355774	19
-35.32466125488281	-21.907609939575195	30
43.51259994506836	-45.1939811706543	24
-60.38322448730469	-36.58207321166992	22
48.76905059814453	-13.880197525024414	14
-56.42238998413086	40.71396255493164	8
22.009136199951172	94.21492767333984	47
41.089439392089844	-29.532482147216797	22
7.614297389984131	-10.630415916442871	21
-13.957414627075195	-66.61341857910156	22
-81.59968566894531	-17.558013916015625	25
-66.84978485107422	-6.008618354797363	19
-71.68209075927734	0.85335773229599	19
62.15462112426758	-77.87470245361328	26
61.335933685302734	-49.06117630004883	35
-62.20979309082031	27.067625045776367	8
25.647624969482422	-26.9040470123291	22
65.65888977050781	-6.476356506347656	9
-44.528263092041016	-45.004920959472656	30
47.50770568847656	61.03660202026367	22
13.352679252624512	26.729806900024414	48
-78.08353424072266	25.20414924621582	22
35.28657531738281	13.240809440612793	13
57.941322326660156	18.15938949584961	9
-65.89270782470703	57.14558410644531	21
-88.2393569946289	12.23345947265625	22
-62.439029693603516	4.958402156829834	19
19.94330596923828	-79.30842590332031	7
73.04645538330078	-87.8000717163086	22
20.962621688842773	73.26382446289062	4
-23.864879608154297	4.094172477722168	21
-49.31206130981445	33.29959487915039	8
64.85617065429688	-76.85445404052734	26
64.8641357421875	-51.29627227783203	35
55.09220886230469	34.263771057128906	36
-36.055938720703125	33.83539581298828	22
59.08785629272461	-25.087928771972656	35
-27.898622512817383	29.557191848754883	23
-61.12687683105469	32.20824432373047	8
41.77207946777344	76.93537902832031	22
-89.36746215820312	30.00745391845703	22
30.633928298950195	80.4081802368164	3
-51.13352966308594	29.92464256286621	8
-12.474164962768555	-38.24046325683594	21
-46.785396575927734	41.29996871948242	23
64.8935317993164	35.602413177490234	22
15.01524829864502	-47.56610870361328	9
7.097336769104004	-41.72513961791992	22
9.888808250427246	14.998106956481934	1
71.7942123413086	-5.232139587402344	16
17.722347259521484	96.49609375	47
-10.418656349182129	43.55534744262695	48
61.73038101196289	-74.23603820800781	26
-39.0097770690918	-63.75142288208008	27
-50.927738189697266	-38.864498138427734	30
72.70085144042969	10.863249778747559	44
-37.999000549316406	73.337890625	41
-74.63516235351562	49.86439895629883	22
72.36882019042969	0.7629542946815491	18
35.615318298339844	-40.646549224853516	24
-40.916351318359375	-45.45375442504883	30
-38.13623809814453	-11.156601905822754	7
22.12038230895996	97.34111785888672	47
-37.46887969970703	-50.73670959472656	30
3.404378890991211	9.381436347961426	1
-19.24472999572754	31.7623233795166	7
57.936500549316406	-73.92512512207031	26
7.575976371765137	10.061161041259766	2
-12.524201393127441	-92.00082397460938	17
78.608154296875	-65.20140075683594	42
64.105224609375	-62.03143310546875	11
6.052191257476807	45.39813995361328	18
-42.45366287231445	48.120601654052734	22
-33.28338623046875	-31.74135398864746	34
-67.12358856201172	8.959097862243652	19
75.95819091796875	-40.37996292114258	9
75.7563247680664	13.767176628112793	44
-37.738765716552734	50.2469367980957	23
-1.5523335933685303	-13.707256317138672	2
38.34003448486328	11.47632122039795	13
-42.79829025268555	23.35141372680664	37
-41.601016998291016	-63.715538024902344	27
-52.030635833740234	23.248828887939453	5
-29.194002151489258	-13.231614112854004	22
-47.18749237060547	31.26073455810547	8
-7.487523555755615	29.667509078979492	13
10.205610275268555	90.11019897460938	10
-17.286376953125	34.326385498046875	48
-12.535746574401855	-43.62844467163086	38
-36.08605194091797	-30.526752471923828	30
-5.191565036773682	62.3455924987793	18
29.05542755126953	74.2703857421875	28
19.201852798461914	83.77102661132812	10
14.90852165222168	68.12770080566406	4
73.96694946289062	-68.57796478271484	22
24.578495025634766	90.68881225585938	10
-53.895259857177734	37.53422927856445	8
30.710599899291992	-62.51337814331055	24
10.829314231872559	3.282883644104004	2
-32.15614700317383	-65.07295227050781	20
24.92513084411621	54.90796661376953	41
0.6647037267684937	37.17776107788086	13
53.48002624511719	-63.94805908203125	11
-49.682193756103516	37.86252975463867	8
-72.5281982421875	12.544441223144531	5
-6.757519245147705	-73.10940551757812	43
42.092594146728516	-68.31034088134766	45
-62.505088806152344	-43.70988082885742	7
16.965688705444336	-42.674102783203125	22
-12.294520378112793	26.876962661743164	23
-22.22799301147461	-60.616092681884766	7
41.904476165771484	-53.71019744873047	45
68.74210357666016	64.91145324707031	22
24.791332244873047	-50.479095458984375	7
-26.626440048217773	48.34876251220703	23
33.95086669921875	92.25982666015625	22
-23.412872314453125	-29.91950225830078	22
-67.5299301147461	27.762123107910156	22
53.8878288269043	61.111534118652344	22
30.256860733032227	71.00590515136719	28
-75.8282699584961	-52.130496978759766	17
-48.23881149291992	5.803410530090332	8
61.643470764160156	-41.79393005371094	14
56.036827087402344	-54.371463775634766	14
-52.41673278808594	-63.38323211669922	17
62.26190185546875	24.852100372314453	36
64.69977569580078	-45.49021911621094	14
59.55216979980469	80.1850357055664	22
79.32210540771484	-60.578033447265625	42
43.63998794555664	-56.59782409667969	24
-71.546630859375	8.836195945739746	34
5.998479843139648	33.998111724853516	13
9.897945404052734	-53.46234893798828	21
44.13966369628906	-22.99037742614746	22
-4.358870983123779	-48.74464797973633	22
-44.453956604003906	12.717608451843262	34
52.135643005371094	-53.56900405883789	14
38.546875	-57.058258056640625	45
30.770593643188477	-52.45552444458008	45
72.29397583007812	15.115778923034668	44
9.4398193359375	83.2074966430664	17
11.2772855758667	33.967071533203125	13
-41.703025817871094	-85.72001647949219	22
37.50347137451172	-60.91196060180664	24
-39.05323028564453	-32.289154052734375	30
-7.357126235961914	47.06794357299805	13
-52.81062316894531	26.794719696044922	8
-45.55243682861328	28.77094268798828	8
-36.81871795654297	-62.5260124206543	27
45.298988342285156	-52.622806549072266	24
-23.903799057006836	-74.09295654296875	7
-30.718421936035156	51.14918518066406	23
-2.3296871185302734	-50.85188293457031	22
57.79111862182617	-30.278806686401367	35
-67.77692413330078	24.085269927978516	22
-10.25250244140625	39.84260940551758	48
-14.155548095703125	40.86166763305664	48
-54.241607666015625	-52.55136489868164	30
54.49823760986328	-51.02541732788086	35
23.503864288330078	-79.35005187988281	24
-20.812599182128906	-14.73116683959961	21
22.355112075805664	-57.11569595336914	20
14.223617553710938	72.25606536865234	4
-0.20925267040729523	76.8603744506836	22
10.369636535644531	75.16122436523438	4
62.43844985961914	-59.245811462402344	11
46.60749053955078	17.290691375732422	9
76.0221939086914	-63.130592346191406	42
50.516761779785156	-47.066810607910156	14
37.395633697509766	-50.43208694458008	45
10.693380355834961	7.106717109680176	2
5.768052101135254	87.12812805175781	22
7.415333271026611	49.53596115112305	23
-31.220693588256836	-76.0971450805664	25
-19.255481719970703	-49.567535400390625	38
70.25840759277344	-53.09907531738281	35
-35.4447135925293	82.3587875366211	17
-51.17036819458008	35.780574798583984	8
-79.48445129394531	-29.93406867980957	22
34.254032135009766	-54.88727569580078	45
49.06224822998047	-41.84269332885742	24
38.702327728271484	33.56165313720703	21
88.38446044921875	-60.99341583251953	22
0.45781368017196655	-46.27871322631836	22
-75.46855163574219	15.501771926879883	22
3.153150796890259	36.86912536621094	13
-54.67975997924805	11.876880645751953	34
-24.909481048583984	55.332801818847656	18
-43.88401794433594	33.38519287109375	6
35.40194320678711	-51.71158218383789	45
-16.008745193481445	-42.12776565551758	38
53.375587463378906	-40.165733337402344	14
22.253429412841797	-38.04391098022461	22
-65.50064086914062	-20.865528106689453	17
56.62678909301758	-58.918922424316406	35
41.311946868896484	-50.59074020385742	24
33.55487060546875	-70.42301177978516	15
29.989774703979492	35.7080078125	3
-26.570030212402344	36.1156120300293	23
-26.125164031982422	-0.10509143769741058	22
-43.46891784667969	-76.34620666503906	22
0.04406535625457764	47.603294372558594	23
-58.678043365478516	29.18640899658203	8
-33.49879837036133	-17.655553817749023	21
62.625972747802734	-32.583740234375	22
40.03838348388672	-42.40554428100586	24
-55.57246398925781	8.63306713104248	5
-3.604172468185425	57.32211685180664	18
46.82850646972656	-1.9688650369644165	36
-54.74216842651367	34.65135192871094	8
31.99213218688965	-67.66563415527344	6
-74.809814453125	20.387109756469727	22
-50.503482818603516	11.842268943786621	34
35.43932342529297	-83.1426773071289	15
-42.88771438598633	43.113861083984375	23
-36.335391998291016	-34.82717514038086	30
28.096866607666016	17.984615325927734	22
-6.867480278015137	-39.45770263671875	22
62.27836608886719	-53.77501678466797	35
48.5099983215332	-26.793977737426758	9
4.807167053222656	29.904287338256836	13
38.30430603027344	-53.341285705566406	45
63.582672119140625	-56.53341293334961	11
18.245939254760742	-64.88967895507812	20
62.889015197753906	-27.623294830322266	35
49.574501037597656	-58.88788604736328	24
-9.695351600646973	-59.87738037109375	7
19.042116165161133	-56.344852447509766	20
-5.009686470031738	50.51224136352539	31
-41.17709732055664	-66.99472045898438	27
-31.241304397583008	-34.95113754272461	6
-41.46185302734375	-0.577866792678833	34
-48.61176300048828	-54.16849899291992	7
3.942946672439575	-50.127899169921875	22
-68.23674011230469	12.670008659362793	34
2.5392298698425293	71.46366882324219	9
-70.3399887084961	43.077693939208984	5
18.42529296875	86.69233703613281	10
55.396907806396484	13.025687217712402	9
52.73592758178711	-57.180625915527344	35
47.188446044921875	-56.39933395385742	24
52.31981658935547	-31.210445404052734	22
-22.288766860961914	-57.2307014465332	7
4.46749210357666	68.1334457397461	9
-19.759023666381836	-57.93495559692383	7
-74.77934265136719	42.14031982421875	5
-5.608775615692139	33.68803787231445	48
-46.932498931884766	10.05672836303711	34
-19.951032638549805	28.569822311401367	7
76.07560729980469	-59.491336822509766	42
-57.19993209838867	-15.494367599487305	17
55.03561019897461	-44.15339660644531	14
-55.48249053955078	22.174711227416992	5
-40.708961486816406	5.348416805267334	34
52.5627326965332	-60.51858901977539	35
-13.710856437683105	-6.620743751525879	1
31.08919334411621	-44.738162994384766	45
-57.89910888671875	-64.94831848144531	17
-38.68190383911133	-66.89505767822266	27
-55.13261413574219	30.36581039428711	8
-46.91263198852539	22.153972625732422	5
-45.03138732910156	-52.03218460083008	7
-6.2122297286987305	-82.4820785522461	7
-58.39356994628906	36.214359283447266	8
18.736400604248047	93.32752990722656	47
-42.74582290649414	-49.15196228027344	7
-40.6250114440918	56.41165542602539	18
-57.328060150146484	32.66105270385742	8
-41.54294204711914	-13.929312705993652	17
-38.13438415527344	-57.487796783447266	27
-37.34250259399414	44.93777084350586	23
47.40157699584961	2.1448662281036377	36
25.917930603027344	-66.1706314086914	20
-12.986966133117676	-28.540611267089844	33
13.47386360168457	79.50535583496094	4
-3.097484827041626	70.6861801147461	22
-72.45134735107422	25.37883186340332	1
14.671405792236328	-58.52341842651367	20
60.38224411010742	-61.94601821899414	11
59.48095703125	-56.85056686401367	11
35.11052703857422	-64.22634887695312	24
-59.00086212158203	21.14304542541504	5
17.62582015991211	72.61260986328125	4
-70.65986633300781	47.24159240722656	22
58.757598876953125	-52.270267486572266	24
28.76177406311035	-72.7137451171875	7
36.53227233886719	-76.25471496582031	15
37.67753982543945	-67.82018280029297	24
-15.633214950561523	-34.343196868896484	22
8.4122314453125	-30.31046485900879	35
-20.60048484802246	-34.89950180053711	38
-51.133853912353516	-73.2226791381836	6
-35.12334060668945	-26.6251163482666	30
-77.1554183959961	11.55143928527832	22
15.78808307647705	80.99756622314453	4
51.10588836669922	15.457297325134277	9
-9.60433578491211	36.120792388916016	48
47.34213638305664	22.619718551635742	46
-33.49950408935547	-12.376325607299805	22
-66.92449188232422	-23.79618263244629	17
-12.246465682983398	60.953609466552734	16
16.426420211791992	74.72760009765625	4
-46.62935256958008	-48.73316955566406	7
4.091912269592285	41.10676956176758	18
-17.233003616333008	66.2485580444336	16
-65.88236999511719	20.365480422973633	5
-28.016613006591797	-3.676198959350586	22
-14.447489738464355	44.5372200012207	48
-45.25284957885742	-0.4446147382259369	34
-70.64937591552734	-43.23955154418945	22
33.42435073852539	-2.844850540161133	22
24.982959747314453	-60.87682342529297	20
40.2268180847168	53.450565338134766	16
74.40248107910156	-24.707429885864258	29
-43.564945220947266	-57.17236328125	30
-40.395355224609375	-54.42109298706055	30
-44.788875579833984	-41.63413619995117	30
-31.270288467407227	10.569300651550293	17
-61.35154724121094	14.575296401977539	5
17.592058181762695	90.37004852294922	10
-69.87602996826172	20.366268157958984	19
-60.4073600769043	-0.82763671875	34
15.417120933532715	-62.436012268066406	20
-11.424994468688965	48.7269287109375	48
-29.318220138549805	14.343697547912598	7
-43.01528549194336	-32.630126953125	30
-65.32305908203125	-28.086048126220703	48
-32.56101989746094	-3.8792171478271484	17
-100.05357360839844	20.57781982421875	41
-46.727317810058594	36.64681625366211	8
-20.698305130004883	58.76995849609375	18
54.1336669921875	-68.19294738769531	26
33.48272705078125	72.21612548828125	28
-22.843236923217773	-37.10847854614258	38
18.578147888183594	-60.40325164794922	20
82.23446655273438	-60.66915512084961	42
-32.94519805908203	-73.17958068847656	25
-95.7793197631836	21.373044967651367	41
-33.19338607788086	55.902530670166016	23
-14.929659843444824	58.87791061401367	16
-57.75439453125	14.727636337280273	5
-38.184844970703125	41.490108489990234	23
17.86857795715332	75.41302490234375	4
-35.34972381591797	-64.99626922607422	27
-13.453770637512207	53.147743225097656	31
30.468732833862305	-40.491050720214844	7
-76.76030731201172	8.308757781982422	31
-68.54826354980469	31.714162826538086	5
-28.936697006225586	58.305633544921875	18
78.65845489501953	-73.05506134033203	22
-52.52925491333008	32.93502426147461	8
49.3602294921875	-62.221717834472656	24
-15.793067932128906	69.09477233886719	16
21.805744171142578	-65.08019256591797	20
10.708298683166504	72.18328857421875	4
37.84431838989258	70.66297149658203	3
-62.11159133911133	-6.532697677612305	34
-77.0552978515625	30.90865707397461	22
37.06673049926758	-79.5927963256836	15
-78.54550170898438	2.1068639755249023	21
46.96075439453125	69.3285903930664	18
41.90073013305664	-88.37892150878906	15
61.695804595947266	-64.61917114257812	11
-32.87102127075195	-80.59579467773438	6
-48.8166389465332	18.38216781616211	34
-8.82302474975586	57.77436828613281	18
15.327200889587402	77.30738830566406	4
-18.5300235748291	-38.912254333496094	38
-42.49134063720703	-38.848148345947266	30
-22.575576782226562	75.8104019165039	16
-64.43737030029297	12.866422653198242	5
-67.21681213378906	40.46625518798828	5
20.230148315429688	76.1609878540039	4
21.334148406982422	-61.65339660644531	20
14.223207473754883	85.41909790039062	10
-37.91455841064453	-60.148048400878906	27
-22.520841598510742	-67.95172882080078	25
-16.754249572753906	48.31049728393555	48
4.4212751388549805	15.099352836608887	17
49.86442947387695	-65.76455688476562	26
46.050018310546875	-60.567440032958984	24
-19.078828811645508	-24.93233299255371	33
-31.55467987060547	-58.33821105957031	38
-24.71428108215332	61.08940887451172	18
41.906890869140625	54.663970947265625	16
-55.353702545166016	-60.018035888671875	17
54.008384704589844	-72.17776489257812	26
-14.351812362670898	63.26383590698242	16
32.71633529663086	74.1449966430664	28
-71.81605529785156	38.544166564941406	5
-59.28786849975586	11.4170560836792	5
36.778953552246094	-87.15745544433594	15
58.58766555786133	-65.96985626220703	11
-14.686220169067383	-47.229061126708984	38
-19.1718807220459	54.41416549682617	18
-56.9588508605957	18.298065185546875	5
71.18807983398438	-12.023534774780273	22
-59.25227737426758	-4.159268856048584	34
-69.16246032714844	-18.159236907958984	17
21.914199829101562	78.64920043945312	4
-31.42148208618164	-38.32861328125	38
-80.10560607910156	-22.88202667236328	25
-65.0835952758789	-16.908409118652344	17
-60.0228157043457	17.672040939331055	5
59.98629379272461	-68.61149597167969	20
57.665992736816406	-41.37627029418945	14
-70.83283233642578	-29.697364807128906	17
-76.72073364257812	38.123355865478516	5
-25.75020408630371	-34.28590774536133	38
-74.84149169921875	-37.61382293701172	6
68.04690551757812	-49.33664321899414	35
50.486717224121094	-69.28836059570312	26
-19.470970153808594	83.18470001220703	12
-63.058189392089844	-11.028353691101074	31
-15.113280296325684	-24.1036376953125	33
-63.53068542480469	17.278573989868164	5
-29.7037296295166	-41.96147537231445	38
-24.062658309936523	-54.06032180786133	7
46.171329498291016	-70.1429672241211	20
1.142991065979004	60.568965911865234	9
47.87327575683594	-49.69496536254883	24
-9.61289119720459	65.7282485961914	16
46.30961608886719	-65.67003631591797	15
57.448936462402344	-62.98943328857422	11
-97.50029754638672	19.16744041442871	41
-62.32438659667969	-24.01500701904297	17
-19.184602737426758	-44.79214859008789	38
-28.035388946533203	-70.3202133178711	25
-48.09063720703125	14.631024360656738	34
-13.738875389099121	-53.97697448730469	7
-58.818702697753906	-29.85451316833496	30
-68.50392150878906	36.647743225097656	5
-14.78775691986084	-26.22687530517578	33
-40.944461822509766	-41.912330627441406	30
-62.343666076660156	20.833106994628906	5
-12.124350547790527	-24.975757598876953	33
-7.224414348602295	81.9989242553711	12
-27.840776443481445	-38.416847229003906	38
41.50332260131836	63.92477035522461	49
46.46059036254883	-31.50583267211914	22
50.84792709350586	-79.5228042602539	15
43.99427795410156	-78.79290008544922	15
49.34371566772461	-73.05653381347656	15
-95.57167053222656	17.915735244750977	41
-71.22924041748047	-23.479047775268555	17
25.731285095214844	-84.76826477050781	26
-22.752172470092773	51.444435119628906	18
-34.53134536743164	-7.04125452041626	17
-39.02358627319336	-38.736663818359375	30
-17.867908477783203	-29.323989868164062	33
22.404342651367188	-45.25098419189453	29
-80.53823852539062	-8.793120384216309	49
-74.58915710449219	-10.449865341186523	49
-34.56340789794922	7.531370162963867	31
-72.56139373779297	34.06695556640625	5
-68.68395233154297	-21.305845260620117	17
-56.75624084472656	5.269952297210693	19
-36.36199951171875	62.650238037109375	31
-58.863983154296875	-20.48588752746582	31
-1.1815831661224365	66.0912094116211	3
-42.948646545410156	8.871503829956055	22
4.9424920082092285	21.245811462402344	22
30.617664337158203	-82.32942962646484	15
-69.16964721679688	-10.204033851623535	31
-39.04622268676758	-5.871189594268799	17
-28.329866409301758	-44.542423248291016	38
-76.87051391601562	-11.616683959960938	49
-11.926348686218262	72.0185546875	16
-7.633175849914551	72.6795883178711	41
-42.63920211791992	-29.106502532958984	30
-66.73450469970703	-34.99851989746094	17
-36.250099182128906	9.65044116973877	31
-68.69515991210938	-14.103787422180176	17
-11.569457054138184	80.525634765625	12
44.52802276611328	-83.14707946777344	15
-25.557117462158203	-41.851722717285156	38
-84.69640350341797	-7.475076198577881	17
-59.454124450683594	2.6992671489715576	19
44.96738815307617	-74.3084487915039	15
42.55467224121094	-74.37230682373047	15
47.04862976074219	-77.62135314941406	15
-47.585567474365234	-31.630992889404297	30
65.47647094726562	-16.33443260192871	22
4.832690238952637	-95.56526184082031	22
40.356143951416016	-77.83401489257812	15
-62.837608337402344	1.6525343656539917	19
51.84465026855469	-75.94413757324219	15
-33.28696060180664	-42.018768310546875	38
60.88385772705078	-19.641565322875977	36
20.504884719848633	59.91609573364258	22
-55.166358947753906	-34.119544982910156	30
-23.66265106201172	-45.413970947265625	38
-40.36095428466797	-35.908302307128906	30
-55.58502960205078	-5.58679723739624	5
63.945491790771484	-21.151350021362305	36
47.8436393737793	-81.91941833496094	15
9.970052719116211	-93.42306518554688	36
-35.31088638305664	-38.68335723876953	30
-51.81321716308594	-6.919382095336914	19
26.07477378845215	-42.564308166503906	22
-17.444658279418945	71.96896362304688	16
-16.620059967041016	78.23606872558594	12
-53.86982727050781	-10.910330772399902	30
-81.95781707763672	-45.4743766784668	22
-85.22156524658203	-21.88546371459961	25
57.826663970947266	-7.858715057373047	22
9.254694938659668	-79.71586608886719	22
-19.885602951049805	12.093331336975098	18
23.409687042236328	-19.261287689208984	22
-25.400224685668945	76.9021224975586	41
-10.441832542419434	88.88874053955078	12
-18.435596466064453	80.3359375	12
-22.928028106689453	84.51577758789062	41
-32.8730354309082	-46.23586654663086	6
-14.851058959960938	80.44493865966797	12
50.79173278808594	-85.17716979980469	15
-84.39137268066406	-24.626317977905273	25
-43.91276550292969	-4.651803016662598	34
-54.1627082824707	-25.724048614501953	6
-30.209632873535156	-48.86423873901367	6
-14.783092498779297	74.7415542602539	16
-65.2987289428711	-57.056610107421875	17
-28.474239349365234	78.88224029541016	41
-21.612646102905273	-40.97955322265625	38
-20.719579696655273	78.18663787841797	16
-28.94219207763672	-31.6229190826416	38
-26.446516036987305	82.107177734375	41
-13.573674201965332	37.016395568847656	48
-17.819591522216797	89.18986511230469	12
-52.770408630371094	-30.29253387451172	30
12.530794143676758	-66.90605926513672	20
-11.502998352050781	32.525691986083984	9
-20.38041114807129	86.461181640625	41
-23.185625076293945	68.01347351074219	16
-27.12999153137207	86.77459716796875	41
33.254364013671875	-79.2389144897461	15
-44.67572784423828	82.61222076416016	9
15.718636512756348	58.53533172607422	22
-8.563162803649902	77.43244171142578	41
-37.42300033569336	-42.27230453491211	30
-14.077893257141113	88.39959716796875	12
-20.30594825744629	69.31865692138672	16
-18.50118064880371	75.49498748779297	16
-23.624391555786133	80.4867935180664	41
-16.575674057006836	82.46149444580078	12
-26.187774658203125	-49.50361251831055	6
-23.0189266204834	89.66328430175781	16
15.021282196044922	-85.11563873291016	6
20.517589569091797	-86.96148681640625	22
-14.332401275634766	92.83185577392578	12
-51.0756950378418	-34.783058166503906	30
54.244258880615234	-25.58892059326172	22
-11.421319961547852	84.31167602539062	12
-13.496053695678711	83.75004577636719	12
-7.670185089111328	85.92491149902344	12
-16.759334564208984	85.51644134521484	12
-12.099726676940918	76.80482482910156	12
-25.132099151611328	71.8789291381836	16
-20.03006362915039	73.12799072265625	16
-29.614025115966797	68.38074493408203	22
80.08319091796875	8.588361740112305	9
-19.118915557861328	-18.3779296875	21
11.503917694091797	-5.217360973358154	2
-24.257305145263672	32.60987854003906	1
0.2926338016986847	41.501556396484375	31
29.66585350036621	28.751230239868164	32
-1.4080729484558105	19.27237892150879	1
4.193325042724609	-19.418132781982422	22
46.942649841308594	44.908180236816406	22
-60.95744705200195	-50.69456481933594	30
17.818368911743164	41.6672477722168	37
19.261899948120117	26.769168853759766	22
35.580013275146484	22.1983699798584	22
2.2621161937713623	-41.3095588684082	21
61.16075134277344	44.33877182006836	21
44.54741668701172	-41.203857421875	14
-15.44739818572998	9.637311935424805	22
34.08122253417969	-47.94601821899414	45
65.7734603881836	-65.11231994628906	11
-36.77113723754883	3.1003506183624268	22
32.0731086730957	-19.84079933166504	22
52.6824836730957	-11.248151779174805	22
76.01849365234375	24.756568908691406	39
27.748620986938477	-13.005882263183594	22
24.682476043701172	-32.50357437133789	21
39.93597412109375	-13.537832260131836	2
81.79888153076172	20.1496639251709	44
30.93986701965332	-47.96710205078125	45
0.5993619561195374	-2.401427745819092	2
48.04387664794922	-21.189361572265625	22
51.93644332885742	-43.80384063720703	14
91.74807739257812	-39.86249542236328	22
43.69091033935547	-8.595000267028809	22
33.20266342163086	26.899965286254883	32
1.8988221883773804	-15.876348495483398	2
-6.706047058105469	-21.088472366333008	22
31.88155746459961	-14.648406982421875	22
28.062862396240234	-17.80056381225586	22
1.4846621751785278	-78.90070343017578	43
57.829952239990234	4.439324855804443	22
13.951016426086426	43.803932189941406	37
25.924362182617188	31.987335205078125	32
49.81955337524414	-37.84905242919922	14
-47.254756927490234	-35.28654098510742	30
10.25178050994873	61.4724235534668	18
28.95254898071289	42.57883071899414	17
39.99045181274414	39.105140686035156	22
13.034734725952148	-22.664567947387695	21
29.673152923583984	-7.191147804260254	39
10.178236961364746	-13.562771797180176	21
64.41334533691406	29.21969223022461	9
71.19482421875	-61.308441162109375	11
88.21051788330078	-46.570552825927734	22
2.7278997898101807	-73.04505920410156	29
20.795127868652344	51.87939453125	9
-90.63861846923828	-34.70183181762695	22
13.196995735168457	75.629638671875	4
36.97165298461914	80.00687408447266	3
15.84136962890625	17.039356231689453	22
78.96626281738281	-57.22821044921875	42
9.180543899536133	78.92957305908203	4
-2.949389934539795	-37.135826110839844	1
54.035858154296875	-47.4633903503418	14
28.372482299804688	91.24678039550781	10
-11.420938491821289	-14.770904541015625	21
2.1562132835388184	56.01426315307617	31
16.552358627319336	-31.422338485717773	46
-6.293577194213867	41.90282440185547	13
31.56895637512207	24.090986251831055	32
-33.12497329711914	43.315086364746094	23
-14.35909652709961	-11.595422744750977	21
69.34565734863281	12.703468322753906	44
32.55490493774414	40.43034362792969	22
29.345247268676758	96.33092498779297	10
39.04923629760742	28.224868774414062	22
14.753497123718262	9.213506698608398	22
1.6519770622253418	-11.144330024719238	2
74.17108154296875	43.05813217163086	22
26.737743377685547	-92.2666244506836	36
-39.346622467041016	30.860980987548828	22
11.23394775390625	21.379602432250977	37
-11.366599082946777	12.487160682678223	22
23.618022918701172	14.860458374023438	9
14.889100074768066	31.007104873657227	22
48.74993896484375	27.735519409179688	9
-42.800960540771484	-9.165007591247559	22
-14.158591270446777	-15.431325912475586	21
18.887287139892578	99.98719787597656	47
-69.61711120605469	4.657500267028809	5
-37.209022521972656	-46.34635543823242	30
0.3340238332748413	26.036460876464844	7
5.253394603729248	-55.80125427246094	7
7.776552677154541	1.3311169147491455	2
52.769683837890625	72.13689422607422	18
33.97907638549805	20.1746826171875	22
39.764835357666016	13.1367769241333	13
14.524219512939453	-30.410003662109375	46
51.74628829956055	24.750844955444336	9
-63.27886962890625	36.08869552612305	21
-55.855812072753906	46.0739860534668	22
57.85079574584961	-77.67467498779297	26
2.720740556716919	-66.68260192871094	43
49.215999603271484	32.20924758911133	9
22.416154861450195	5.758832931518555	17
-59.571983337402344	24.457462310791016	22
6.175233364105225	53.740028381347656	37
29.05521583557129	85.11248779296875	22
19.39559555053711	-50.457828521728516	22
-11.302898406982422	7.325745105743408	22
36.57798385620117	47.935882568359375	22
13.119755744934082	94.65036010742188	22
-73.6950454711914	-16.474123001098633	18
56.15709686279297	-21.005067825317383	22
7.064935684204102	5.132809638977051	2
-45.73414611816406	63.6821403503418	22
73.28851318359375	-35.65413284301758	24
28.85908317565918	58.883384704589844	31
19.83356475830078	37.91490173339844	23
-93.11201477050781	-10.350788116455078	22
-0.972032368183136	-73.8795394897461	29
2.9353229999542236	5.378875255584717	2
11.083645820617676	51.82796859741211	23
60.905006408691406	15.328187942504883	44
-15.636750221252441	-17.868663787841797	21
-51.836875915527344	-42.723567962646484	7
0.279267281293869	-23.1906681060791	2
29.412694931030273	10.551371574401855	22
-50.629940032958984	70.409912109375	22
44.62284469604492	-17.179485321044922	40
-0.6237244009971619	11.562841415405273	1
-5.298446178436279	-16.707286834716797	2
66.12570190429688	-37.42885208129883	11
28.00365447998047	-77.44467163085938	24
-43.79228210449219	-35.84266662597656	30
0.062189336866140366	-28.60363006591797	22
90.64402770996094	-3.441258668899536	3
4.240222454071045	-1.3761169910430908	2
-0.54411780834198	-70.7389144897461	29
72.65663146972656	-76.43097686767578	35
-7.776285648345947	-54.59091567993164	22
-8.518739700317383	-43.84849166870117	38
27.443737030029297	47.37789535522461	17
63.11008071899414	-10.808433532714844	36
32.00471878051758	79.1558837890625	3
76.9751968383789	-32.62693405151367	3
-83.55494689941406	26.634305953979492	22
-8.873638153076172	53.23455810546875	32
28.201045989990234	24.51728057861328	32
81.7281723022461	-39.71920394897461	22
-7.741535186767578	-29.91156005859375	9
57.27193069458008	-48.66593551635742	14
-28.37181854248047	95.13902282714844	22
73.13096618652344	37.14389419555664	22
35.17171096801758	-33.72748565673828	37
72.59422302246094	-56.51925277709961	45
-5.768012046813965	-12.81270980834961	34
63.74827194213867	7.270933151245117	22
-48.00055694580078	-9.824349403381348	22
92.22529602050781	10.231081008911133	22
-56.226924896240234	-43.70432662963867	7
15.43270492553711	37.95995330810547	37
53.16366195678711	2.5312819480895996	22
76.81365966796875	18.356008529663086	44
0.9287168979644775	1.5689114332199097	22
-2.2350218296051025	-66.89997863769531	43
-48.61093521118164	-41.183284759521484	30
54.897830963134766	29.91670799255371	36
-45.597259521484375	-26.93246841430664	30
8.458890914916992	-22.396068572998047	21
9.143976211547852	-2.300010919570923	2
-5.924463272094727	11.151853561401367	1
-5.9824347496032715	-66.96908569335938	43
-20.513561248779297	22.12607765197754	17
-17.740158081054688	-4.711463451385498	21
16.400266647338867	-6.632384300231934	22
36.77352523803711	-45.283634185791016	45
33.579689025878906	57.73124313354492	22
-3.8793914318084717	15.178677558898926	1
35.474952697753906	63.423614501953125	22
11.999632835388184	-10.663064956665039	21
-30.218692779541016	46.33442306518555	23
-22.919769287109375	-5.426473617553711	22
-25.849973678588867	-25.36071014404297	30
58.88339614868164	66.9379653930664	22
14.048050880432129	-13.390235900878906	21
-19.810434341430664	6.217008113861084	22
-31.84488868713379	0.9496614336967468	21
74.42251586914062	-49.54121398925781	11
71.66106414794922	-19.438060760498047	29
54.975135803222656	26.905559539794922	36
-1.133895993232727	4.509340286254883	2
-21.682693481445312	45.397308349609375	18
83.25502014160156	-48.0904426574707	22
-8.452226638793945	-34.60804748535156	22
-30.68480682373047	5.438174724578857	31
-16.477264404296875	30.25909423828125	7
-56.44998550415039	-46.69979476928711	7
-82.99600982666016	6.740467548370361	21
-26.411258697509766	-16.46099853515625	31
-30.53818130493164	-23.582237243652344	21
16.968122482299805	15.08618450164795	22
36.3996467590332	42.82846450805664	0
32.284366607666016	-58.48556137084961	22
8.269009590148926	-61.52467346191406	40
69.89269256591797	31.286100387573242	44
-48.291954040527344	-3.509009838104248	21
5.861731052398682	63.46916961669922	32
51.28913116455078	42.389041900634766	22
5.770129680633545	-14.251811027526855	0
43.97467803955078	26.215822219848633	36
16.47483253479004	-25.908164978027344	25
58.452552795410156	-45.56664276123047	14
16.014795303344727	-11.139979362487793	21
69.45753479003906	-40.61199951171875	22
45.6663703918457	37.9768180847168	22
-59.94313049316406	53.61590576171875	21
-74.56339263916016	3.6044626235961914	19
-1.5468744039535522	-56.370277404785156	1
74.11249542236328	-45.01717758178711	22
-25.035472869873047	17.242528915405273	22
66.17788696289062	-58.48027801513672	11
14.418498039245605	48.65790557861328	37
9.60066032409668	56.290977478027344	9
-54.969478607177734	-40.06142807006836	7
22.401668548583984	44.34599685668945	18
24.02874183654785	-9.25704288482666	21
-35.31707000732422	15.257734298706055	22
-7.815877437591553	0.5280836224555969	22
-38.102149963378906	37.277103424072266	23
-2.56349515914917	0.20921456813812256	2
50.77315139770508	20.04021644592285	9
23.7561092376709	9.12510871887207	22
58.74412155151367	33.050201416015625	36
-61.84492111206055	42.945247650146484	21
36.65669631958008	-17.99799346923828	22
-2.741530179977417	36.5621337890625	13
19.765798568725586	-9.416528701782227	21
47.44080352783203	9.978333473205566	9
-52.87146759033203	-1.1099722385406494	19
53.67184066772461	-2.5120437145233154	22
68.4397964477539	20.72113800048828	44
-1.6625667810440063	-5.388823986053467	2
69.0282974243164	-45.24158477783203	11
-3.1628401279449463	40.37625503540039	13
-0.6869962811470032	52.4865608215332	23
87.30473327636719	-18.916725158691406	22
35.21702194213867	38.127586364746094	22
22.582874298095703	21.39316749572754	22
25.72069549560547	64.52233123779297	32
80.44699096679688	15.067241668701172	29
57.67662811279297	22.612218856811523	9
-10.471783638000488	-83.97563934326172	7
30.17116928100586	-28.836626052856445	22
-94.95123291015625	-19.760793685913086	22
59.00703430175781	-82.8296127319336	22
4.573975563049316	2.2434499263763428	2
-44.16489028930664	3.071606397628784	34
3.8437254428863525	-32.679203033447266	21
-84.16393280029297	20.54450035095215	22
-2.8672797679901123	-31.529132843017578	30
6.767075538635254	25.933691024780273	22
65.56138610839844	13.21415901184082	44
23.03519630432129	-5.064026355743408	22
-33.85721969604492	90.01399230957031	17
-55.2142333984375	60.376075744628906	22
-28.0546932220459	21.49563980102539	18
24.656389236450195	95.78296661376953	47
20.617883682250977	-29.682619094848633	22
32.15867233276367	44.99509048461914	22
64.07211303710938	-68.41236877441406	11
37.81363296508789	-34.65769958496094	37
-3.5930063724517822	45.03121566772461	13
68.55388641357422	16.498682022094727	44
71.75460815429688	55.206565856933594	18
8.824769020080566	97.17456817626953	22
86.65785217285156	-33.29224395751953	1
-5.798399448394775	19.141889572143555	1
-3.817556858062744	97.37042236328125	41
-51.24906539916992	-20.291276931762695	1
-11.000720977783203	-94.50960540771484	9
43.83503723144531	0.5293137431144714	9
-4.586160182952881	-69.68657684326172	43
-29.515056610107422	-20.289274215698242	22
26.17508316040039	38.978309631347656	23
78.37590789794922	4.8026018142700195	9
25.053672790527344	88.04837036132812	10
-18.631383895874023	-10.3651123046875	22
23.880062103271484	83.87458801269531	10
17.06271743774414	21.991193771362305	22
-1.1704401969909668	-18.806255340576172	2
47.51555252075195	-45.35630798339844	14
-5.319941997528076	-3.627906322479248	22
11.59682846069336	46.39036560058594	37
-34.442169189453125	19.317516326904297	22
-31.197561264038086	19.383926391601562	22
-2.2103986740112305	-63.28057098388672	43
-15.3540678024292	-59.53680419921875	7
-11.871320724487305	-19.012454986572266	21
37.817962646484375	1.3981679677963257	22
-34.47636413574219	27.78734016418457	22
2.5419774055480957	-6.459403991699219	2
44.26111602783203	-48.69080352783203	45
-13.805582046508789	-79.6214828491211	22
10.578657150268555	-35.6658821105957	22
-31.138717651367188	-27.963794708251953	30
-14.361382484436035	-1.1693086624145508	22
-2.7856035232543945	-9.383461952209473	0
42.433753967285156	20.75326919555664	9
16.72327423095703	-75.24349212646484	7
70.98615264892578	-26.48140525817871	29
72.55038452148438	18.704626083374023	44
-5.182241439819336	-25.381303787231445	22
61.381736755371094	20.616191864013672	9
-16.752580642700195	-72.253173828125	38
19.42378044128418	-14.586380958557129	46
18.669166564941406	-98.9458236694336	36
15.907532691955566	-37.28032684326172	22
-50.323265075683594	-46.924015045166016	7
77.95585632324219	-6.2583136558532715	39
43.750186920166016	7.521761894226074	13
27.095962524414062	-56.07093811035156	22
84.41839599609375	-1.5586717128753662	9
11.884465217590332	-0.08571302890777588	2
20.14270782470703	32.35354232788086	40
74.71881103515625	-53.77360534667969	11
20.501802444458008	68.92752075195312	7
-65.58409881591797	68.06916809082031	22
-51.78316116333008	-14.979635238647461	34
4.904371738433838	-62.373321533203125	40
28.57648468017578	-23.23314666748047	22
1.0437817573547363	-36.04962921142578	22
39.62527084350586	-3.9193947315216064	21
-69.19969177246094	-65.40727233886719	22
-80.21100616455078	-3.323744297027588	22
77.76720428466797	9.537450790405273	44
58.578041076660156	27.99277687072754	36
22.464569091796875	0.44135168194770813	46
-31.231983184814453	24.912778854370117	22
69.3095474243164	-65.26097106933594	11
-46.33738708496094	-14.963193893432617	22
-31.56696319580078	107.98163604736328	22
81.43952178955078	-64.08771514892578	42
23.129419326782227	-13.863656997680664	21
80.98043823242188	-11.174405097961426	46
36.06293869018555	-7.689587116241455	22
35.49271011352539	-26.637908935546875	22
-4.2573113441467285	24.943655014038086	7
16.85939598083496	-72.2322006225586	7
36.387969970703125	86.54808044433594	22
-53.484615325927734	51.31048583984375	22
-95.08744049072266	-2.521294355392456	22
-66.8131103515625	16.741300582885742	19
25.71102523803711	27.395965576171875	32
-23.867759704589844	8.250967025756836	22
62.916080474853516	-0.2086961716413498	0
-36.98466110229492	-1.7506065368652344	22
-24.117250442504883	-9.866436958312988	21
78.52416229248047	-45.727779388427734	9
-56.25700378417969	-1.86033296585083	19
-49.108089447021484	1.4821492433547974	21
88.44219207763672	-54.00094223022461	22
-38.97675323486328	-26.791793823242188	34
17.925186157226562	-21.49721908569336	46
39.067317962646484	-82.9105453491211	15
-15.80887222290039	15.015645980834961	22
20.813129425048828	-24.34677505493164	46
44.1088752746582	30.93286895751953	9
-30.221818923950195	-54.062835693359375	38
-23.478099822998047	40.102394104003906	37
68.03438568115234	3.8760547637939453	44
3.1060192584991455	50.19322967529297	23
-25.90410804748535	-87.35382843017578	22
57.9826774597168	-13.77401065826416	9
39.76305389404297	8.827320098876953	13
51.256996154785156	-50.09565734863281	14
35.49900436401367	-12.407793045043945	2
-18.712078094482422	2.2678050994873047	22
-9.93441390991211	-3.8731279373168945	37
-51.308406829833984	41.36416244506836	8
44.01197814941406	-36.06077194213867	24
40.672245025634766	44.98731231689453	22
-40.60803985595703	18.355972290039062	19
59.020511627197266	-3.2936747074127197	22
-7.383518218994141	-8.805800437927246	2
-90.15057373046875	39.33299255371094	22
-3.230337142944336	8.125207901000977	1
78.78301239013672	-51.60580062866211	22
69.28580474853516	-57.944427490234375	11
-5.857351779937744	3.997723340988159	39
72.08101654052734	22.946334838867188	39
-14.49025821685791	4.350070953369141	39
-42.468326568603516	-19.130714416503906	39
-40.682579040527344	-22.354862213134766	39
-46.119354248046875	-19.58331871032715	39
-7.760684490203857	7.440296173095703	39
-49.04605484008789	56.30255889892578	22
-51.57679748535156	7.817821502685547	5
32.85359191894531	-74.8729248046875	15
-11.029664993286133	2.086778402328491	39
21.125816345214844	90.34733581542969	10
68.3846435546875	-31.730697631835938	22
-7.595175266265869	16.210418701171875	1
36.30934524536133	7.06612491607666	13
-51.34811782836914	15.85116195678711	19
-54.214988708496094	15.37643051147461	19
19.958587646484375	9.49747371673584	22
29.96245002746582	-34.5845947265625	22
32.30552291870117	49.18424606323242	22
78.41371154785156	-15.553566932678223	22
-44.34756088256836	-23.15517234802246	39
-62.96363830566406	48.31108093261719	22
56.65915298461914	-37.237449645996094	13
5.789275169372559	58.85865783691406	37
-48.295204162597656	-44.65339660644531	7
37.39915084838867	-22.378875732421875	22
39.857521057128906	-47.21371841430664	45
9.455578804016113	-46.71263885498047	22
-24.852872848510742	25.305004119873047	1
22.433151245117188	87.67967224121094	10
27.395736694335938	79.37179565429688	3
84.0199203491211	-24.88752555847168	9
-59.544673919677734	7.4922685623168945	19
-26.045684814453125	7.432746887207031	22
-23.12224006652832	97.4820785522461	22
2.237581968307495	33.36425018310547	13
-36.95535659790039	23.08477020263672	39
-48.12187194824219	-23.08731460571289	39
21.87017250061035	100.91992950439453	47
-80.59520721435547	13.786310195922852	21
72.1837158203125	6.924293518066406	44
24.239383697509766	99.58699798583984	47
-6.135810852050781	37.80638122558594	13
14.734153747558594	3.3100013732910156	2
40.7285270690918	-63.90386962890625	45
-50.7807731628418	44.63630294799805	8
6.332345008850098	-5.208739280700684	2
12.163995742797852	-26.56846046447754	25
-44.763816833496094	-62.290863037109375	30
-20.852191925048828	-1.0694878101348877	21
-8.939558029174805	23.091552734375	32
-49.92787551879883	-50.23724365234375	7
4.954545974731445	-45.63105392456055	21
9.916296005249023	-17.725553512573242	21
-25.915075302124023	-58.3963737487793	7
-38.07257843017578	-17.898574829101562	39
50.778324127197266	86.22407531738281	22
-34.05585479736328	39.443260192871094	23
-38.927978515625	26.487295150756836	22
54.33644104003906	17.783565521240234	9
6.760559558868408	-36.90264129638672	22
-63.73151397705078	30.042068481445312	8
32.8539924621582	-24.795381546020508	36
-3.3397574424743652	30.03223419189453	13
32.69765853881836	31.52882194519043	32
-46.304107666015625	-38.38108825683594	30
-52.20482635498047	3.886293888092041	19
30.86831283569336	3.049825668334961	22
-29.151939392089844	-8.675769805908203	13
28.006948471069336	-1.054828405380249	22
-55.705997467041016	1.2413864135742188	19
-63.03165054321289	8.327226638793945	19
15.687967300415039	-0.8595566749572754	2
-57.93657302856445	-9.82455062866211	6
52.38991165161133	-18.21672248840332	2
28.089014053344727	-100.97367858886719	22
67.04883575439453	-54.94358825683594	11
-40.30380630493164	12.938429832458496	22
-52.628658294677734	18.683656692504883	19
54.73017120361328	21.98238182067871	9
-53.80031967163086	-46.37281036376953	7
31.58445167541504	-90.14311981201172	24
52.51044464111328	8.808270454406738	36
14.926589965820312	-17.345975875854492	21
12.989303588867188	101.6064453125	10
5.924539566040039	-88.1473617553711	22
-22.828542709350586	-21.691341400146484	3
10.79365062713623	41.798561096191406	37
-18.5523738861084	38.58097839355469	48
48.89664840698242	-7.2687530517578125	22
65.47781372070312	17.3355770111084	44
37.99390411376953	-72.62591552734375	15
-71.40673828125	-3.967059850692749	19
0.7386928796768188	30.092262268066406	13
82.77204132080078	-54.72481155395508	22
41.22686767578125	11.004693984985352	13
23.500110626220703	-74.28843688964844	7
-17.196996688842773	-14.97108268737793	21
50.66747283935547	54.0338134765625	22
-2.6234331130981445	-42.659183502197266	21
60.05833053588867	11.44329833984375	44
-56.11446762084961	26.960718154907227	8
67.87582397460938	-69.50377655029297	11
11.803658485412598	-42.202117919921875	22
28.053613662719727	4.375736713409424	22
-49.416988372802734	-26.870168685913086	30
48.77754211425781	-53.50938415527344	14
-40.80958938598633	-60.478904724121094	27
-65.64665222167969	5.47874641418457	19
-1.4313650131225586	33.39363098144531	48
14.223255157470703	-53.38505172729492	9
-33.50602340698242	-52.87451934814453	38
-44.772457122802734	16.583154678344727	19
-70.40814208984375	16.18930435180664	19
41.66636276245117	-59.658775329589844	24
-66.58842468261719	1.8685057163238525	19
-83.99504089355469	42.877098083496094	22
-42.678611755371094	38.45680236816406	8
15.685404777526855	53.12128829956055	37
-49.44113540649414	27.105815887451172	8
13.749950408935547	90.32771301269531	10
-9.959452629089355	-48.908531188964844	17
-28.867952346801758	41.14519119262695	21
43.288333892822266	-63.57659912109375	24
68.14429473876953	9.25394344329834	44
-61.576133728027344	-16.1064395904541	22
-34.1388053894043	48.01652908325195	23
-31.594696044921875	31.901803970336914	22
78.03398895263672	32.711570739746094	9
8.351881980895996	37.08443832397461	13
20.4666748046875	96.50509643554688	47
4.869893550872803	-26.60681915283203	22
18.472457885742188	78.51188659667969	4
9.171198844909668	30.24738883972168	13
-70.3714599609375	57.239723205566406	21
59.702186584472656	49.65506362915039	22
79.29961395263672	-62.80177688598633	42
-48.501094818115234	49.77655792236328	39
18.132381439208984	45.90037536621094	23
-12.935073852539062	19.27397346496582	23
67.446533203125	-61.631832122802734	11
-34.92692184448242	-61.11720657348633	27
-64.11563873291016	24.584760665893555	8
-64.1633529663086	-2.2578837871551514	19
-31.42897605895996	36.37493896484375	23
-73.7225112915039	-2.642134428024292	19
-16.548795700073242	23.145536422729492	22
68.17572021484375	44.6479377746582	22
-20.035280227661133	17.14769172668457	22
-24.417707443237305	12.784415245056152	37
-27.93738555908203	-82.12347412109375	7
-68.16949462890625	-1.8002101182937622	19
-35.321529388427734	-21.8972225189209	30
43.51157760620117	-45.18639373779297	24
-60.398624420166016	-36.358665466308594	22
48.8869514465332	-13.94981575012207	14
-56.34669494628906	40.76033401489258	8
22.408016204833984	94.26170349121094	47
41.04283905029297	-29.41181755065918	22
7.614481449127197	-10.6299409866333	21
-13.956534385681152	-66.64998626708984	22
-81.47080993652344	-17.605466842651367	25
-66.83866882324219	-6.009177207946777	19
-71.55140686035156	0.881014883518219	19
62.25303268432617	-78.12491607666016	26
61.358123779296875	-49.042240142822266	35
-62.20979309082031	27.067625045776367	8
25.648225784301758	-26.907472610473633	22
65.74947357177734	-6.485786437988281	9
-44.52845764160156	-45.00762176513672	30
47.51469421386719	61.1293830871582	22
13.348055839538574	26.731643676757812	48
-78.04566955566406	25.320192337036133	22
35.20201873779297	13.045905113220215	13
57.94132614135742	18.15938949584961	9
-65.87335968017578	57.28461837768555	21
-88.25946807861328	12.121733665466309	22
-62.40407180786133	4.966079235076904	19
19.96048927307129	-79.1528091430664	7
73.04645538330078	-87.8000717163086	22
21.27513885498047	73.41210174560547	4
-24.011184692382812	4.0810089111328125	21
-49.146663665771484	33.501609802246094	8
64.91712188720703	-77.12525177001953	26
64.8641357421875	-51.29627227783203	35
55.15984344482422	34.41048049926758	36
-36.07639694213867	33.80714797973633	22
59.09095764160156	-25.08344268798828	35
-27.89756202697754	29.655778884887695	23
-61.02587890625	32.205528259277344	8
41.77207946777344	76.93537902832031	22
-89.36746215820312	30.00745391845703	22
30.95040512084961	80.7837142944336	3
-51.179443359375	29.916343688964844	8
-12.47670841217041	-38.25641632080078	21
-46.82109069824219	41.414344787597656	23
64.97429656982422	35.50825500488281	22
15.038756370544434	-47.53385925292969	9
7.096911430358887	-41.72861099243164	22
9.888810157775879	14.998106002807617	1
71.68838500976562	-5.21223258972168	16
17.759368896484375	96.77810668945312	47
-10.41889476776123	43.555702209472656	48
61.580745697021484	-74.35218048095703	26
-38.857025146484375	-64.2032470703125	27
-51.12971878051758	-38.875816345214844	30
72.71100616455078	10.863438606262207	44
-37.845706939697266	73.5029067993164	41
-74.55076599121094	49.95156478881836	22
72.45991516113281	0.7640507221221924	18
35.642250061035156	-40.63041305541992	24
-40.916351318359375	-45.45375442504883	30
-38.1268310546875	-11.171672821044922	7
21.58199119567871	97.75157165527344	47
-37.46900177001953	-50.73732376098633	30
3.4043967723846436	9.381436347961426	1
-19.095426559448242	31.944217681884766	7
57.993289947509766	-73.789306640625	26
7.7203450202941895	10.088385581970215	2
-12.524201393127441	-92.00082397460938	17
78.608154296875	-65.20140075683594	42
64.1048812866211	-62.031517028808594	11
6.064034461975098	45.39269256591797	18
-42.39644241333008	48.05043411254883	22
-33.34148025512695	-31.859424591064453	34
-67.12299346923828	8.95928955078125	19
76.05389404296875	-40.425777435302734	9
75.75650024414062	13.76729965209961	44
-37.675689697265625	50.33911895751953	23
-1.5523338317871094	-13.707242012023926	2
38.8208122253418	11.258191108703613	13
-42.869510650634766	23.520261764526367	37
-41.74680709838867	-64.08348846435547	27
-52.031494140625	23.24980354309082	5
-29.169906616210938	-13.22374153137207	22
-47.33974838256836	31.121315002441406	8
-7.487523555755615	29.667509078979492	13
10.243627548217773	89.97127532958984	10
-17.286376953125	34.326385498046875	48
-12.537985801696777	-43.63705062866211	38
-36.089622497558594	-30.54731559753418	30
-5.191766262054443	62.33451461791992	18
28.870527267456055	74.16281127929688	28
19.443349838256836	83.78087615966797	10
15.089010238647461	68.07167053222656	4
73.88483428955078	-68.51439666748047	22
24.86789321899414	90.70248413085938	10
-53.6888542175293	37.622928619384766	8
30.712366104125977	-62.503456115722656	24
10.829310417175293	3.282883405685425	2
-32.124481201171875	-64.80899047851562	20
24.92513084411621	54.90796661376953	41
0.6818856000900269	37.435726165771484	13
53.46854019165039	-63.9513053894043	11
-49.856441497802734	38.01152801513672	8
-72.5281982421875	12.544441223144531	5
-6.862606525421143	-73.0407485961914	43
42.125343322753906	-68.21649169921875	45
-62.505088806152344	-43.70988082885742	7
16.965906143188477	-42.6552848815918	22
-12.295687675476074	26.873132705688477	23
-22.553627014160156	-60.576560974121094	7
41.9019889831543	-53.71234130859375	45
68.74210357666016	64.91145324707031	22
24.783910751342773	-50.51788330078125	7
-26.564579010009766	48.20559310913086	23
33.867027282714844	92.17352294921875	22
-23.419729232788086	-29.919710159301758	22
-67.59522247314453	27.75341796875	22
53.83800506591797	61.19701385498047	22
30.096895217895508	71.13983154296875	28
-75.719482421875	-52.12281799316406	17
-48.25492858886719	5.800248622894287	8
61.64111328125	-41.78453826904297	14
56.03669357299805	-54.37052536010742	14
-52.31666946411133	-63.20973587036133	17
62.386505126953125	24.84329605102539	36
64.69195556640625	-45.49921417236328	14
59.590858459472656	80.0742416381836	22
78.89883422851562	-60.60163497924805	42
43.63910675048828	-56.59811019897461	24
-71.546630859375	8.836195945739746	34
5.998456001281738	33.99814987182617	13
9.916440963745117	-53.581974029541016	21
44.15022659301758	-22.992658615112305	22
-4.494019508361816	-48.94253921508789	22
-44.42728805541992	12.703316688537598	34
52.135643005371094	-53.56900405883789	14
38.546875	-57.058258056640625	45
30.770593643188477	-52.45552444458008	45
72.2938461303711	15.115357398986816	44
9.288105010986328	83.19960021972656	17
11.27728271484375	33.967071533203125	13
-41.82170486450195	-85.66177368164062	22
37.502288818359375	-60.911399841308594	24
-39.05259323120117	-32.292049407958984	30
-7.357218265533447	47.0681266784668	13
-52.811004638671875	26.794748306274414	8
-45.69931411743164	28.672876358032227	8
-36.53310775756836	-62.786155700683594	27
45.29926681518555	-52.625728607177734	24
-23.933578491210938	-74.36285400390625	7
-30.691356658935547	51.14546585083008	23
-2.161529779434204	-50.671504974365234	22
57.816802978515625	-30.35358428955078	35
-67.77689361572266	24.08527183532715	22
-10.246813774108887	39.84437942504883	48
-14.157150268554688	40.86262130737305	48
-54.22353744506836	-52.552791595458984	30
54.49823760986328	-51.02541732788086	35
23.470552444458008	-79.1880874633789	24
-20.908296585083008	-14.880695343017578	21
22.337905883789062	-57.264644622802734	20
14.410840034484863	72.02330017089844	4
-0.1986776441335678	76.98590087890625	22
10.170478820800781	74.88944244384766	4
62.5363883972168	-59.26763916015625	11
46.60731887817383	17.290645599365234	9
76.1077651977539	-62.80038833618164	42
50.519859313964844	-47.06764602661133	14
37.395633697509766	-50.43208694458008	45
10.693387031555176	7.106718063354492	2
5.771630764007568	87.26026916503906	22
7.391360759735107	49.60440444946289	23
-31.02682876586914	-76.0266342163086	25
-19.254989624023438	-49.591556549072266	38
70.25840759277344	-53.09907531738281	35
-35.445919036865234	82.24407958984375	17
-51.40268325805664	35.93590545654297	8
-79.43695068359375	-29.852458953857422	22
34.37099075317383	-54.94660949707031	45
49.062007904052734	-41.842689514160156	24
38.60768127441406	33.51681900024414	21
88.38446044921875	-60.99341583251953	22
0.4581577181816101	-46.28069305419922	22
-75.59718322753906	15.4996976852417	22
3.1891374588012695	37.116485595703125	13
-54.661827087402344	11.87294864654541	34
-24.97283935546875	55.262752532958984	18
-43.90561294555664	33.287078857421875	6
35.40194320678711	-51.71158218383789	45
-15.95950698852539	-42.012027740478516	38
53.375587463378906	-40.165733337402344	14
22.253461837768555	-38.04368591308594	22
-65.72738647460938	-20.720041275024414	17
56.60265350341797	-58.86998748779297	35
41.311946868896484	-50.59074020385742	24
33.36669158935547	-70.47863006591797	15
29.989774703979492	35.7080078125	3
-26.56895637512207	36.11537551879883	23
-26.125164031982422	-0.10509143769741058	22
-43.47179412841797	-76.25898742675781	22
0.044375382363796234	47.60244369506836	23
-58.67765426635742	29.186771392822266	8
-33.498802185058594	-17.655546188354492	21
62.55616760253906	-32.64901351928711	22
40.04785919189453	-42.447608947753906	24
-55.57281494140625	8.633190155029297	5
-3.6263036727905273	57.223880767822266	18
46.704559326171875	-2.0498554706573486	36
-54.78958511352539	34.8220100402832	8
31.81572914123535	-67.74720001220703	6
-74.89752960205078	20.38735580444336	22
-50.5035514831543	11.842278480529785	34
35.30546188354492	-83.21832275390625	15
-42.89496612548828	43.115760803222656	23
-36.33372116088867	-34.826683044433594	30
28.05535888671875	18.05188751220703	22
-6.778278827667236	-39.529850006103516	22
62.326534271240234	-53.75249481201172	35
48.51383972167969	-26.791933059692383	9
4.807114601135254	29.90394401550293	13
38.42325210571289	-53.22661590576172	45
63.582672119140625	-56.53341293334961	11
18.307756423950195	-64.7079086303711	20
62.81409454345703	-27.686771392822266	35
49.57622528076172	-58.8868408203125	24
-9.695086479187012	-59.7701530456543	7
18.999732971191406	-56.51002883911133	20
-5.009704113006592	50.5123405456543	31
-41.119136810302734	-67.40696716308594	27
-31.242568969726562	-34.95116424560547	6
-41.42409133911133	-0.4123707711696625	34
-48.79291534423828	-54.361228942871094	7
3.94270658493042	-50.115013122558594	22
-68.2356948852539	12.670244216918945	34
2.6626312732696533	71.60304260253906	9
-70.43171691894531	43.040283203125	5
18.21944808959961	86.64781951904297	10
55.39855194091797	13.025894165039062	9
52.86404800415039	-57.21025085449219	35
47.1773796081543	-56.40080642700195	24
52.30458450317383	-31.20859718322754	22
-22.449941635131836	-57.54147720336914	7
4.638175964355469	68.21208190917969	9
-19.823617935180664	-58.26957321166992	7
-74.71636962890625	42.02866744995117	5
-5.625121116638184	33.69865036010742	48
-46.9879264831543	10.160867691040039	34
-20.12143898010254	28.685287475585938	7
75.91356658935547	-59.73743438720703	42
-57.22979736328125	-15.41463851928711	17
55.03937911987305	-44.2383918762207	14
-55.48249053955078	22.174711227416992	5
-40.73015594482422	5.4905314445495605	34
52.68131637573242	-60.488609313964844	35
-13.710856437683105	-6.620743751525879	1
31.283559799194336	-44.700416564941406	45
-57.93046188354492	-64.84099578857422	17
-38.620941162109375	-67.31639862060547	27
-55.2244987487793	30.333696365356445	8
-46.91307067871094	22.15426254272461	5
-45.20042419433594	-52.00185775756836	7
-6.153316497802734	-82.61870574951172	7
-58.389404296875	36.1656494140625	8
18.432849884033203	93.40492248535156	47
-42.66534423828125	-49.22547149658203	7
-40.70692825317383	56.34379577636719	18
-57.28290939331055	32.65406036376953	8
-41.504974365234375	-13.997685432434082	17
-37.80890655517578	-57.445621490478516	27
-37.200748443603516	44.889163970947266	23
47.53962326049805	2.083085060119629	36
25.917949676513672	-66.1706314086914	20
-13.235153198242188	-28.650707244873047	33
13.327832221984863	79.14608764648438	4
-3.0848896503448486	70.77632904052734	22
-72.42594909667969	25.378084182739258	1
14.801660537719727	-58.47014617919922	20
60.30278396606445	-61.799591064453125	11
59.50210952758789	-56.9449348449707	11
35.14080810546875	-64.24044799804688	24
-59.001033782958984	21.143062591552734	5
17.96430015563965	72.84135437011719	4
-70.78482055664062	47.202335357666016	22
58.758514404296875	-52.27692794799805	24
28.758228302001953	-72.70179748535156	7
36.61947250366211	-76.20770263671875	15
37.6785774230957	-67.81816864013672	24
-15.632855415344238	-34.343177795410156	22
8.4122314453125	-30.31046485900879	35
-20.727123260498047	-34.75200653076172	38
-51.14647674560547	-73.35337829589844	6
-35.124176025390625	-26.617578506469727	30
-77.1554183959961	11.55143928527832	22
16.11789894104004	80.87372589111328	4
51.09798812866211	15.459099769592285	9
-9.610676765441895	36.13158416748047	48
47.28095626831055	22.54007339477539	46
-33.5076789855957	-12.382573127746582	22
-66.6683578491211	-23.701017379760742	17
-12.296935081481934	60.703773498535156	16
16.149160385131836	75.30939483642578	4
-46.6218147277832	-48.5841064453125	7
4.094979286193848	40.99357604980469	18
-17.444639205932617	66.24463653564453	16
-65.88236999511719	20.365480422973633	5
-28.015108108520508	-3.6771926879882812	22
-14.447373390197754	44.53748321533203	48
-45.36992645263672	-0.40085291862487793	34
-70.5953140258789	-43.156986236572266	22
33.42435073852539	-2.844836473464966	22
25.02711296081543	-61.03362274169922	20
40.54876708984375	53.15979766845703	16
74.32888793945312	-24.570581436157227	29
-43.687591552734375	-57.27634048461914	30
-40.26873779296875	-54.37971115112305	30
-44.788875579833984	-41.63413619995117	30
-31.288209915161133	10.573392868041992	17
-61.350730895996094	14.578516006469727	5
17.493043899536133	90.51837158203125	10
-69.8420639038086	20.36575698852539	19
-60.405967712402344	-0.8270925283432007	34
15.558157920837402	-62.35319137573242	20
-11.404754638671875	48.81330108642578	48
-29.318315505981445	14.343707084655762	7
-43.01337814331055	-32.63029861450195	30
-65.35757446289062	-28.084266662597656	48
-32.62882995605469	-3.7971343994140625	17
-99.89830017089844	20.87136459350586	41
-46.79060363769531	36.49013900756836	8
-20.698434829711914	58.76925277709961	18
54.06000518798828	-68.13509368896484	26
33.85706329345703	72.40924072265625	28
-23.000349044799805	-37.05270767211914	38
18.706140518188477	-60.1782341003418	20
82.23446655273438	-60.66915512084961	42
-32.77580261230469	-73.0860595703125	25
-96.11377716064453	21.51617431640625	41
-33.334930419921875	55.8411865234375	23
-15.060763359069824	59.04875946044922	16
-57.75415802001953	14.727598190307617	5
-38.05017852783203	41.47757339477539	23
17.5380802154541	76.04133605957031	4
-35.60606002807617	-65.2754898071289	27
-13.452129364013672	53.11838912963867	31
30.38507652282715	-40.43128967285156	7
-76.55175018310547	8.328232765197754	31
-68.60324096679688	31.631763458251953	5
-28.890344619750977	58.15636444091797	18
78.75821685791016	-73.06497192382812	22
-52.64744186401367	32.829132080078125	8
49.309261322021484	-62.23069381713867	24
-15.567551612854004	69.05253601074219	16
21.72394371032715	-65.24723815917969	20
11.028451919555664	72.17720031738281	4
37.8962516784668	70.7725830078125	3
-62.04212951660156	-6.591638565063477	34
-76.94776916503906	30.85102653503418	22
37.15819549560547	-79.58750915527344	15
-78.47772216796875	1.9941246509552002	21
47.02186965942383	69.20642852783203	18
41.9238395690918	-88.46727752685547	15
61.797088623046875	-64.73102569580078	11
-32.74012756347656	-80.6371841430664	6
-48.721588134765625	18.326398849487305	34
-8.842273712158203	57.69734191894531	18
15.736892700195312	77.62891387939453	4
-18.5233154296875	-39.0554313659668	38
-42.49134063720703	-38.848148345947266	30
-22.5960693359375	75.9544677734375	16
-64.43741607666016	12.866466522216797	5
-67.12959289550781	40.52378463745117	5
20.383642196655273	76.51803588867188	4
21.15524673461914	-61.84574890136719	20
14.22305679321289	85.41968536376953	10
-38.21595764160156	-60.46830749511719	27
-22.4152889251709	-68.01390838623047	25
-16.764022827148438	48.3389778137207	48
4.4212751388549805	15.099352836608887	17
49.86656188964844	-65.76493835449219	26
46.050018310546875	-60.567440032958984	24
-19.110876083374023	-24.972505569458008	33
-31.653003692626953	-58.26696014404297	38
-24.713993072509766	61.05714797973633	18
41.584938049316406	54.955665588378906	16
-55.48382568359375	-60.07157897949219	17
54.0018310546875	-72.18125915527344	26
-14.127685546875	63.42369079589844	16
33.11783981323242	74.28453826904297	28
-71.73289489746094	38.625972747802734	5
-59.27944564819336	11.417091369628906	5
36.899383544921875	-87.13090515136719	15
58.791343688964844	-65.8798828125	11
-14.685791969299316	-47.23731231689453	38
-19.171573638916016	54.41701126098633	18
-56.96039581298828	18.297428131103516	5
71.27828216552734	-12.052142143249512	22
-59.252464294433594	-4.159201622009277	34
-68.96131896972656	-18.12262535095215	17
21.669275283813477	78.88423919677734	4
-31.43141746520996	-38.32559585571289	38
-80.14386749267578	-22.709775924682617	25
-64.99288940429688	-17.036645889282227	17
-60.02342987060547	17.672283172607422	5
60.171321868896484	-68.51451110839844	20
57.66606521606445	-41.375267028808594	14
-70.90460205078125	-29.631986618041992	17
-76.79899597167969	38.22052001953125	5
-25.75020408630371	-34.28590774536133	38
-74.69650268554688	-37.63616180419922	6
68.04530334472656	-49.336029052734375	35
50.486717224121094	-69.28836059570312	26
-19.612207412719727	83.03836059570312	12
-63.16332244873047	-11.017867088317871	31
-14.719659805297852	-23.978778839111328	33
-63.530757904052734	17.278364181518555	5
-29.579357147216797	-41.86127853393555	38
-23.901203155517578	-53.99844741821289	7
46.176124572753906	-70.13970184326172	20
1.145824909210205	60.68446350097656	9
47.873939514160156	-49.701995849609375	24
-9.61438274383545	65.62420654296875	16
46.284698486328125	-65.7330551147461	15
57.40784454345703	-63.109317779541016	11
-97.69366455078125	18.721233367919922	41
-62.338958740234375	-23.88990020751953	17
-19.19219970703125	-44.7786865234375	38
-28.048891067504883	-70.44052124023438	25
-48.09078598022461	14.631012916564941	34
-13.73578929901123	-54.02751541137695	7
-58.87716293334961	-29.966947555541992	30
-68.63734436035156	36.574371337890625	5
-14.351872444152832	-26.119443893432617	33
-40.947078704833984	-41.9132080078125	30
-62.3436164855957	20.83312225341797	5
-12.064303398132324	-25.332256317138672	33
-7.2249908447265625	81.90054321289062	12
-27.837129592895508	-38.431724548339844	38
41.50455856323242	64.08235931396484	49
46.44697189331055	-31.492767333984375	22
50.84792709350586	-79.5228042602539	15
43.983760833740234	-78.5979232788086	15
49.343570709228516	-73.05641174316406	15
-95.35684204101562	18.291284561157227	41
-71.22924041748047	-23.479047775268555	17
25.826148986816406	-84.75591278076172	26
-22.692611694335938	51.39482116699219	18
-34.49198532104492	-7.146873950958252	17
-39.02372360229492	-38.73667907714844	30
-17.938770294189453	-29.26477813720703	33
22.393138885498047	-45.23880386352539	29
-80.62065124511719	-8.919431686401367	49
-74.75080108642578	-10.205605506896973	49
-34.753761291503906	7.3986334800720215	31
-72.67403411865234	34.1097412109375	5
-68.68395233154297	-21.305845260620117	17
-56.75534439086914	5.270028591156006	19
-36.334442138671875	62.54374313354492	31
-58.957889556884766	-20.46111488342285	31
-1.1049530506134033	65.98766326904297	3
-42.948646545410156	8.871503829956055	22
5.305805683135986	21.134929656982422	22
30.685182571411133	-82.43529510498047	15
-69.18464660644531	-10.200221061706543	31
-39.1137580871582	-5.851868152618408	17
-28.160430908203125	-44.48299026489258	38
-76.71458435058594	-11.875996589660645	49
-12.029810905456543	71.69660186767578	16
-7.6234941482543945	72.7670669555664	41
-42.639198303222656	-29.106468200683594	30
-66.78375244140625	-35.08720016479492	17
-36.055789947509766	9.792163848876953	31
-68.85955810546875	-14.125252723693848	17
-11.610315322875977	80.42015838623047	12
44.46265411376953	-83.01200103759766	15
-25.52578353881836	-41.98986053466797	38
-84.69640350341797	-7.475076198577881	17
-59.453731536865234	2.6988625526428223	19
44.93278884887695	-74.58427429199219	15
42.57522964477539	-74.07156372070312	15
47.058773040771484	-77.41890716552734	15
-47.58771514892578	-31.634288787841797	30
65.393798828125	-16.306161880493164	22
4.832690238952637	-95.56526184082031	22
40.373809814453125	-77.9467544555664	15
-62.84568786621094	1.6520684957504272	19
51.753238677978516	-75.9266586303711	15
-33.28700256347656	-42.01852798461914	38
60.835086822509766	-19.833980560302734	36
20.54634666442871	59.75559997558594	22
-55.1776123046875	-34.115516662597656	30
-23.781570434570312	-45.5208740234375	38
-40.360931396484375	-35.90837860107422	30
-55.510005950927734	-5.514511585235596	5
64.0005111694336	-20.966426849365234	36
47.88733673095703	-82.0805892944336	15
9.990020751953125	-93.53467559814453	36
-35.311092376708984	-38.68550109863281	30
-51.81535339355469	-6.920234680175781	19
26.07477378845215	-42.564308166503906	22
-17.29390525817871	72.16677856445312	16
-16.357797622680664	78.1719741821289	12
-53.71302032470703	-10.903325080871582	30
-81.83853912353516	-45.474918365478516	22
-85.45853424072266	-21.99193572998047	25
57.826663970947266	-7.858715057373047	22
9.269854545593262	-79.60630798339844	22
-19.885602951049805	12.093331336975098	18
23.458637237548828	-19.30757713317871	22
-25.499406814575195	76.73114013671875	41
-10.415836334228516	88.99720001220703	12
-18.190311431884766	80.3106460571289	12
-23.00978660583496	84.63768005371094	41
-32.87116622924805	-46.23228454589844	6
-14.769491195678711	80.20144653320312	12
50.66010665893555	-85.27051544189453	15
-84.13912963867188	-24.530311584472656	25
-43.93286895751953	-4.658642292022705	34
-54.14046859741211	-25.92047882080078	6
-30.209632873535156	-48.86423873901367	6
-14.782466888427734	74.74065399169922	16
-65.33692932128906	-56.94607162475586	17
-28.386962890625	78.9967041015625	41
-21.63287353515625	-40.88767623901367	38
-20.57925033569336	78.05885314941406	16
-28.945878982543945	-31.64175033569336	38
-26.308820724487305	81.98847198486328	41
-13.55040168762207	37.02000427246094	48
-17.74201011657715	89.07056427001953	12
-52.93412780761719	-30.20969581604004	30
12.593915939331055	-67.0046157836914	20
-11.503093719482422	32.525413513183594	9
-20.46654510498047	86.56199645996094	41
-23.25576400756836	68.23848724365234	16
-27.100055694580078	86.87040710449219	41
33.254364013671875	-79.2389144897461	15
-44.662071228027344	82.71724700927734	9
15.72499942779541	58.52130126953125	22
-8.540447235107422	77.569091796875	41
-37.421321868896484	-42.261741638183594	30
-14.048032760620117	88.28654479980469	12
-20.44240379333496	69.56450653076172	16
-18.28286361694336	75.39237213134766	16
-23.479402542114258	80.61776733398438	41
-16.37041664123535	82.51985168457031	12
-26.187828063964844	-49.50364685058594	6
-22.90985679626465	89.73298645019531	16
14.924867630004883	-85.1078872680664	6
20.454269409179688	-86.8624496459961	22
-14.183652877807617	92.77230072021484	12
-51.07584762573242	-34.78348922729492	30
54.195831298828125	-25.510488510131836	22
-11.542805671691895	84.6678466796875	12
-13.59737491607666	84.0982666015625	12
-7.756459712982178	85.8003921508789	12
-16.97504997253418	85.46600341796875	12
-12.171154022216797	76.89324951171875	12
-25.133806228637695	71.88348388671875	16
-20.164865493774414	72.88982391357422	16
-29.501890182495117	68.2673110961914	22
80.22005462646484	8.919971466064453	9
-18.983896255493164	-18.504751205444336	21
11.504029273986816	-5.217167854309082	2
-24.257915496826172	32.60892868041992	1
0.29266247153282166	41.4968376159668	31
29.753419876098633	28.654048919677734	32
-1.280168890953064	19.17424201965332	1
4.184656143188477	-19.431194305419922	22
46.942649841308594	44.908180236816406	22
-60.83640670776367	-50.763458251953125	30
17.731185913085938	41.6458625793457	37
19.26189422607422	26.769180297851562	22
35.32618713378906	22.35148048400879	22
2.2625935077667236	-41.303470611572266	21
61.28001022338867	44.385276794433594	21
44.55073165893555	-41.19853973388672	14
-15.44739818572998	9.637312889099121	22
34.11948776245117	-47.79015350341797	45
65.77351379394531	-65.11247253417969	11
-36.72757339477539	3.0961077213287354	22
32.072998046875	-19.840761184692383	22
52.661773681640625	-11.244614601135254	22
76.11396789550781	24.671232223510742	39
27.7413387298584	-12.987433433532715	22
24.662067413330078	-32.50519943237305	21
39.93587112426758	-13.538382530212402	2
81.70911407470703	20.20246696472168	44
30.74596405029297	-47.91294479370117	45
0.5950369834899902	-2.3982462882995605	2
48.10225296020508	-21.302017211914062	22
51.93721008300781	-43.804195404052734	14
91.71815490722656	-39.961151123046875	22
43.7868766784668	-8.598722457885742	22
33.38703536987305	26.80873680114746	32
1.8988150358200073	-15.87639331817627	2
-6.706045150756836	-21.088472366333008	22
31.881574630737305	-14.648405075073242	22
28.062768936157227	-17.800556182861328	22
1.4953358173370361	-78.82644653320312	43
57.829952239990234	4.439324855804443	22
