33823812
34584120
34238210
33976161
34868100
34804086
34833910
34007059
34391010
34427721
34271321
34461312
34638169
34167126
34490328
34458021
34421831
33964629
33813711
34394059
34367203
34282943
34203422
34097872
33558688
34239533
34211444
34163511
33846117
33930111
33635432
33893080
34066536
33626217
33922604
34067853
33925391
33819302
33859632
33854491
33815312
33717711
33800466
33730068
33300202
33412274
33732690
33643369
33531404
33469548
33232849
32750387
32535165
33384681
33045056
32916332
32894363
32989089
32385221
32890468
32956635
33051478
32651884
33250866
32790864
33141007
32954454
32998072
32984974
33063925
33075080
33178158
33049445
32504325
32109174
32995914
32984920
33042043
32887277
32661378
32823980
32847781
32967123
32807071
32954844
32503911
32468038
32461312
32849381
32571917
33457783
32268286
32428730
32702006
32611704
32665585
32284321
32625185
32510151
32392469
32560407
32433751
32456693
32670207
32429835
32477318
32385404
32330481
32225039
31580950
31689478
31935179
32176702
31949184
32112625
32542109
32216867
31786251
32983629
33306798
31685644
32595407
31923208
31807886
32320380
32845909
31796995
30525300
31401107
31768302
31605487
31689451
31172251
31626639
31279965
31506045
31545121
31557287
30984572
31406982
31598324
31194874
31346014
31337792
30905871
30867545
31176475
31140963
31335270
30981884
31275740
31222094
31263459
30642720
30786165
30922683
30358529
30614762
31151153
31118102
31143531
31081746
31134023
30928704
30612723
30977796
31114559
31086743
31057502
31057566
30991941
30586650
30738957
30520095
31062028
31323081
30967846
30738581
30936856
30842463
30778181
30137210
30686564
30753218
30834387
30704413
30691411
30625167
30395280
30609847
30523736
31632421
31037804
30701503
31285584
31667798
30561303
30454661
30787915
30269496
30284012
30519218
30386709
30386264
30326664
30309375
30227648
30165827
30214401
30048774
30186248
30115066
30147704
30140262
29961811
30065716
29886516
29488306
29608946
29857581
29280343
29735690
29867794
29771928
29867787
29452714
29765358
29720528
29632354
29760688
29774096
29459707
29619919
29567733
29519840
29524395
29222443
29130376
30040192
29453341
29462877
29456457
29386127
29375522
29689657
29689654
29030443
29267322
29121239
29231872
29133310
29146860
29136456
28893905
27760387
29192074
28522365
28399499
28979253
27829123
28883144
30605507
28721334
28702356
28922870
28541477
28912771
28830361
28818899
28861062
28824593
28217917
28873965
28751391
28671531
28530509
28255691
28704543
28981567
28639897
28596401
28442446
28671650
28475624
29382483
29382487
27566552
28438469
29382488
28605770
28419102
28167520
28096304
28428300
28365731
28009086
27852447
28302777
28286733
28228131
28261241
28261262
27902212
28017900
28126941
27746255
29083947
29106540
28883130
29220462
28546491
28232434
27899573
28659968
27814642
27958329
27854363
27929718
27886269
27911408
27492201
27573474
27499008
27226009
27833604
27543297
27724938
27633769
27632983
27504778
27601031
26395550
27589961
27312778
27473689
27468278
27389261
27289097
26732875
27357704
27446001
27335086
27106049
27010660
27351952
27271618
27242034
27150362
27033416
27066241
26058415
27125479
27135538
26833167
26780421
26988045
26912775
26955886
26873555
26954369
26586805
26527724
27340065
26769924
26744372
27081133
27103717
27081132
26798087
27013046
26214613
27199915
27013043
26733994
26734060
25886267
26059339
26362866
26362781
26627477
26637982
26706064
26615219
26564044
26507799
26211831
24601835
26272377
27148569
26094112
26403281
26358599
25862689
25711932
26484261
26297041
26189661
26271664
26284103
26316636
26089426
25925947
25660942
26111345
25040623
25739700
25853342
25683745
25744996
25780762
25688108
25644116
25764543
25549879
25642223
25610432
25440551
26598365
26659678
26494682
25953176
25676753
25154054
23834084
25098225
25426171
25283805
24739628
25302567
24952318
25054342
25201548
24493659
25002426
24972614
25136970
25005495
24812050
24831014
24903516
24888481
24664579
24886809
24646299
24720747
24595137
24304674
24558041
24790563
24385478
24610838
24387000
24464102
24576319
24516674
24397311
24400089
24214998
24138283
24187088
24185856
23824666
25468217
24060999
24057982
23327937
24096415
24077251
24262067
24237659
24016735
23771622
23432573
24288657
23935046
23504968
23584283
24396271
23764913
23507492
23680857
23525792
23404651
23583844
23805147
23785373
23776535
23785426
23499616
22805783
23415482
23485966
23591845
22958119
23618716
22922101
23402340
23280323
23405288
23143106
23405365
23104406
22984892
23203884
22975386
22389284
23270491
24705077
23144400
22669633
22921315
23104370
22994649
22809273
23105056
22813963
22728391
23209231
23071431
23209196
22724388
22609877
22554028
22906238
22511804
22858268
22081714
22836136
22318347
22738764
22367406
23113348
22514263
22192836
22685583
22065283
22661980
22615881
22109095
21805195
21742822
22343301
22513097
22333179
22408242
21850446
22156162
22144154
22242036
22806790
22194828
22216014
22203548
22203561
21592712
21926226
21830951
22004448
21995705
21981907
21970442
21876154
21595554
21801415
21707055
21425924
21715389
21718544
21702991
21696634
21479798
23761284
21569245
21310789
21463532
21306854
21205018
21217003
21565630
21043576
20923783
21223599
21075924
21097882
21051347
20942974
24031569
20675442
20822874
20829833
20811631
20141548
21082910
20553393
22127169
20435728
20472732
20453139
20435760
20459672
20153447
20367476
20096123
20048063
19809970
19797355
20018679
20030724
19767616
19703488
19945811
19995411
20464217
19919719
19684068
19755543
19838305
19700546
19555380
19789986
19772633
19519856
19465390
19485766
19502410
19372274
19214572
19376852
19459961
19439403
19376903
19502326
19291210
19118366
19202087
19040456
19305506
19265557
19071199
19231290
19348629
19139238
18978060
18974181
19076632
19120461
18771575
18973688
18989367
18989455
18791003
18954463
18922190
18840678
18940741
18708506
19017108
18638408
18613977
18596979
18533836
18502926
18599833
18433868
18466918
18424522
18312393
18180252
17985353
18398195
18407964
18182018
18310436
18366643
18156266
18065619
17671982
17979985
18177306
17993534
18158297
19918115
17940092
17996425
17933780
18176701
17977153
17922569
17918626
17907791
17601787
17683642
17526694
17601817
17693711
17617412
17559662
17623083
17459960
17597531
17293074
17449651
17386032
17136545
17472633
17321548
17389356
17188715
17293429
17233732
17088283
16840530
17096598
16847602
16862424
17005985
16872758
16903349
16902033
16842354
16873524
16772031
16442259
16690627
16705749
16672447
16547149
16564956
16564961
16528104
17578087
16505379
16315011
16337432
16398937
17578085
32689290
16311037
16381895
16914446
17357573
16333295
16236313
16183216
15867197
16353552
16005966
16237002
16262857
16237017
16229745
16261860
16099603
16329972
16167767
16145578
15972018
15969646
16090013
15937174
15899401
15808740
15900973
15824284
15774626
15667294
15608210
17061545
15680508
15640222
15579380
15608293
15666246
15556475
15547262
15554980
15545451
15612628
15516565
15240837
15388727
15341653
15317780
19712296
15280286
15184121
15109827
15024554
15025998
15019498
15033534
14996797
14766918
15053318
15477389
14681419
14708114
14627810
14576977
14663079
14722690
14597655
14600219
14529615
14572541
15242276
13130069
12844356
12902376
12904565
12801410
12892151
12848422
12795377
12730270
12833533
12724378
12676676
12631328
12547654
12591886
12644659
12654032
12747410
12575750
12554718
12571008
12580283
14574106
12169563
12481062
15130857
12383728
12421308
12398186
12489782
12209264
12139618
12361275
12115061
12107597
12118889
12057950
11976134
12036273
11914361
11914362
12030700
11975504
11897025
11959430
11741857
12066843
11752253
11717256
11702077
11718894
11604446
11566387
11566384
11566392
11679078
11467726
11523004
11425750
11491326
11448759
11716972
11375196
11282972
11432923
11275307
11251836
11277432
11157280
11136777
11139607
11211278
11770429
11125111
11125053
11106020
11108022
10986467
10972799
10922070
10873525
10878127
10977874
10985751
10858449
10823905
10830266
10809690
10854788
10729615
10796024
10734201
10734204
10692356
10757747
10808067
10675553
10675620
10641039
10938793
10784042
10790517
10826800
10613884
10592182
10673011
10535912
10555327
10508927
10555329
10494633
10391951
10347066
10223993
10087219
10065560
10091975
10028247
9847141
10235650
9773278
9924818
9847086
9811668
9748438
9682052
9719638
9782512
9671027
9649445
9734023
9603874
9611191
9715754
9729766
9670816
9450332
9466899
9399800
9435112
9421916
9442891
9371431
9336911
9278503
9304861
9293018
9451455
9274036
9226921
9191062
9202472
9181580
9113990
9284644
9390313
8905154
8996790
8830693
8755625
8655489
8967902
24178452
8626293
8882586
24415159
8635758
9122371
8534846
8534845
8526514
16535102
7635216
7618891
24194309
8589413
7768801
16535054
7786037
7896698
7890737
7711895
7860608
7783635
7952190
16349319
16349254
7873778
8170393
8399187
7907211
8407777
8246512
8506337
8491702
8494746
8374070
8374063
1409648
1644746
1573904
1524708
1943993
1715738
1913213
2013564
17014780
1827113
2022610
2013567
1857210
1707606
2016896
2016901
2059338
1991727
1991718
1863715
1975579
2145504
16348252
2116373
2155209
2352433
2127375
2073542
1368518
2687252
2530208
2576659
2698914
2552255
2522094
2811400
2644201
3214160
16347637
16347593
2892829
2448295
2892830
3343217
2959749
3450286
2896226
16665575
2889793
3584072
2882477
24277190
3309146
24276799
3309138
3308639
3438252
3096961
2943726
3015875
2872202
16664719
2867084
2866224
2857167
16593543
2866146
2866175
2865194
16663942
6325385
6743792
22096811
22096812
6139363
6134713
6300039
24264155
6120927
6449930
6247284
34791964
34773441
34858375
34803935
34610117
34777287
34745182
34626346
34043790
34189708
33391198
33320440
33363215
33260894
32989088
33177665
33137872
33193246
33178627
32822422
32573705
33457733
32538895
32467615
32363734
32266159
32313686
31665441
32494122
31947717
31915222
31856202
31921888
31560688
31317854
31015332
30252986
30338024
29844095
29953444
28776255
28776240
